filename	tod	date	plate	batch	tank	index	protein	f_batch	ModTime	Intestine_area	Food_fluo	Food_area	tsf	Food_fluo_cat	Food_fluo_cat_all	Wellfolder	Length_1_1	Area_1_1	Border_1_1	Border_size_1_1	BodyPigm_Total_1_1	BodyPigm_Average_1_1	BodyPigm_Stdev_1_1	Length_1_4	Area_1_4	Border_1_4	Border_size_1_4	BodyPigm_Total_1_4	BodyPigm_Average_1_4	BodyPigm_Stdev_1_4	Length_1_7	Area_1_7	Border_1_7	Border_size_1_7	BodyPigm_Total_1_7	BodyPigm_Average_1_7	BodyPigm_Stdev_1_7	Length_1_10	Area_1_10	Border_1_10	Border_size_1_10	BodyPigm_Total_1_10	BodyPigm_Average_1_10	BodyPigm_Stdev_1_10	Date	length	dorsal_area	lateral_area	agrp_dich	qRNA	line	diet	Exp	overfeeding	cholesterol	glucose	VAST	Imaged	age	length_Res	dorsal_area_Res	lateral_area_Res	Intestine_area_Res	Food_area_Res	Food_fluo_Res	intlength	intlength_Res	intdorsal_area	intdorsal_area_Res	intlateral_area	intlateral_area_Res	intIntestine_area	intIntestine_area_Res
AB_CD15_08dpf_VAST02_plate01_AGRP_210908_A04	1.5166667	210908	1	8	18	NS002	15.395484	1	08-sep-2021 09:31:45	4045	64059.458	66	.08333333	1	1	A04	3863.5548	919198.61	0	0	1.369e+09	6682.3236	16588.05	3954.1937	1306287.8	0	0	1.351e+09	6596.1316	14891.432	3830.9248	925000.61	0	0	1.342e+09	6552.3209	16378.822	3948.5738	1308351.4	0	0	1.357e+09	6626.2883	14881.62	9/8/2021 11:31	3863.5548	919198.61	1306287.8	1	4	AB	CD15	AGRP	1	0	0	2	1	8	-136.52682	-39019.447	21712.864	-189.51852	-204.40073	-317537.2	-.40064808	-.40064808	-.76647079	-.7985898	-.22657438	.20237619	-.86436505	-.22777673
AB_CD15_08dpf_VAST02_plate01_AGRP_210908_B01	1.7	210908	1	8	15	NS008	12.770327	1	08-sep-2021 09:42:06	4584	28628.398	0	.26666667	1	1	B01	4004.2492	991095.58	0	0	1.362e+09	6648.607	16170.579	3847.801	1318878.8	0	0	1.321e+09	6448.4495	14553.903	3882.9088	985682.37	0	0	1.340e+09	6542.4807	16023.564	3839.8259	1323364.9	0	0	1.320e+09	6445.5496	14467.777	9/8/2021 11:42	4004.2492	991095.58	1318878.8	1	4	AB	CD15	AGRP	1	0	0	2	1	8	4.1676041	-9530.9729	-33417.057	349.48148	-261.0684	-346234.05	.13042977	.13042977	.0354786	-.0354786	-.13042977	-.50550022	-.15873981	.29791798
AB_CD15_08dpf_VAST02_plate01_AGRP_210908_B02	1.6666667	210908	1	8	16	NS007	13.256467	1	08-sep-2021 09:40:13	4504	899075.54	849	.23333333	3	3	B02	4014.1966	995910.64	0	0	1.384e+09	6756.5799	16336.71	3695.5521	1353331.9	0	0	1.347e+09	6577.7897	15139.883	3861.0769	1044509.9	0	0	1.414e+09	6905.6179	16406.481	3703.959	1346662.6	0	0	1.340e+09	6541.8893	15080.861	9/8/2021 11:40	4014.1966	995910.64	1353331.9	0	1	AB	CD15	AGRP	1	0	0	2	1	8	14.11499	-14567.053	-3751.9368	269.48148	477.71795	440570.89	.15431865	.15431865	.08286075	-.17829594	.1066151	-.13042977	-.25101592	.22777673
AB_CD15_08dpf_VAST02_plate01_AGRP_210908_B03	1.6333333	210908	1	8	17	NS006	15.298256	1	08-sep-2021 09:38:31	4603	1380290.7	524	.2	4	4	B03	4153.2735	1037870.5	0	0	1.569e+09	7662.9069	18094.812	4046.7457	1466590.6	0	0	1.459e+09	7126.4631	15557.664	4267.8154	1052435.3	0	0	1.594e+09	7783.3508	18161.773	4112.5909	1458725	0	0	1.454e+09	7098.382	15586.145	9/8/2021 11:38	4153.2735	1037870.5	1466590.6			AB	CD15	AGRP	1	0	0	2	1	8	153.19188	-21834.45	42564.439	368.48148	181.75554	941904.95	.67448975	.67448975	.42640697	-.40064808	.8654489	.50550022	-.13591068	.32161055
AB_CD15_08dpf_VAST02_plate01_AGRP_210908_B04	1.6	210908	1	8	18	NS005	15.784396	1	08-sep-2021 09:36:51	5019	582106.38	416	.16666667	2	3	B04	4046.9674	993996.58	0	0	1.387e+09	6772.5597	16362.239	3908.1327	1368793.9	0	0	1.363e+09	6653.6348	14900.988	4074.516	999589.23	0	0	1.385e+09	6760.4982	16363.582	3888.5927	1381983	0	0	1.395e+09	6809.5708	15052.712	9/8/2021 11:36	4046.9674	993996.58	1368793.9	0	1	AB	CD15	AGRP	1	0	0	2	1	8	46.885757	-24727.861	-4063.5509	784.48148	145.59927	200509.72	.31242575	.3248653	.05915307	-.50550022	.20237619	-.15431865	.29791798	.96742157
AB_CD15_08dpf_VAST02_plate01_AGRP_210908_C01	1.7166667	210908	1	8	15	NS009	14.714887	1	08-sep-2021 09:43:44	3708	223271.14	158	.28333333	2	2	C01	3687.4018	884506.23	0	0	1.251e+09	6107.2662	15913.52	3603.5245	1205679.9	0	0	1.201e+09	5863.0564	14074.703	3703.1353	884177.25	0	0	1.253e+09	6118.8881	15898.48	3571.5125	1214771.7	0	0	1.213e+09	5923.3773	14138.505	9/8/2021 11:43	3687.4018	884506.23	1205679.9	1	4	AB	CD15	AGRP	1	0	0	2	1	8	-312.67986	-11594.809	5893.2122	-526.51852	-103.0684	-151591.3	-1.2869457	-1.2869457	-1.3430824	-.08286075	-.9737339	.01182399	-1.2612822	-.51922535
AB_CD15_08dpf_VAST02_plate01_AGRP_210908_C02	1.75	210908	1	8	16	NS010	16.173308	1	08-sep-2021 09:45:45	4959	1488706.6	684	.31666667	4	4																																		0	1	AB	CD15	AGRP	1	0	0	2	1	8				724.48148	312.71795	1030202							.27439149	.86436505
AB_CD15_08dpf_VAST02_plate01_AGRP_210908_C04	1.8166667	210908	1	8	18	NS011	11.409134	1	08-sep-2021 09:49:04	3903	1148854.3	471	.38333333	3	3	C04	4064.3079	890158.69	0	0	1.200e+09	5858.2291	15273.541	3924.5245	1226405.6	0	0	1.125e+09	5491.9965	13296.345	3893.8114	909478.76	0	0	1.192e+09	5820.568	15100.743	3921.6429	1208521.1	0	0	1.100e+09	5370.239	13197.803	9/8/2021 11:49	4064.3079	890158.69	1226405.6	0	1	AB	CD15	AGRP	1	0	0	2	1	8	64.226272	-134286.25	-154798.42	-331.51852	200.59927	767257.66	.42640697	.42640697	-1.2345954	-2.1930762	-.7985898	-1.5437805	-1.0041313	-.34548507
AB_CD15_08dpf_VAST02_plate01_AGRP_210908_C05	1.8333333	210908	1	8	16	NS012	11.506362	1	08-sep-2021 09:50:45	3434	9056.4049	0	.4	1	1	C05	3604.205	918869.63	0	0	1.152e+09	5625.7208	14599.029	3594.034	1083808	0	0	1.100e+09	5371.9112	13530.13	3599.9374	944888.92	0	0	1.156e+09	5646.8779	14530.563	3590.1042	1093228.8	0	0	1.101e+09	5377.4793	13513.654	9/8/2021 11:50	3604.205	918869.63	1083808	1	4	AB	CD15	AGRP	1	0	0	2	1	8	-395.87663	43644.988	-75933.386	-800.51852	-371.28205	-449448.24	-1.9847723	-1.9847723	-.7985898	.73512372	-2.1930762	-1.052756	-1.4941549	-.93197131
AB_CD15_08dpf_VAST02_plate01_AGRP_210908_D01	2	210908	1	8	15	NS017	21.909762	1	08-sep-2021 10:00:16	5537	452353.92	677	.56666667	2	2	D01	4522.7389	1222517.7	0	0	1.735e+09	8470.3405	18232.818	4372.6204	1629704.6	0	0	1.587e+09	7747.6047	16014.843	4497.2282	1230502.9	0	0	1.727e+09	8431.9137	18171.318	4375.8749	1656710.8	0	0	1.635e+09	7983.2805	16178.917	9/8/2021 12:00	4522.7389	1222517.7	1629704.6	0	1	AB	CD15	AGRP	1	0	0	2	1	8	522.65729	50845.42	27842.579	1302.4815	415.9316	77491.473	1.8381674	1.8381674	1.8381674	.93642074	1.7229053	.27538708	.65337661	1.649237
AB_CD15_08dpf_VAST02_plate01_AGRP_210908_D02	1.9666667	210908	1	8	16	NS016	14.034291	1	08-sep-2021 09:58:26	4058	182879.19	238	.53333333	2	2	D02	3917.221	935139.16	1	8	1.315e+09	6422.8499	15868.518	3947.6118	1336673.6	1	2	1.388e+09	6775.0474	14532.304	3840.7799	972403.56	1	12	1.358e+09	6630.833	16027.562	3856.8687	1307723.4	1	14	1.381e+09	6743.927	14604.083	9/8/2021 11:58	3917.221	935139.16	1336673.6	1	4	AB	CD15	AGRP	1	0	0	2	1	8	-82.860619	-43347.036	26267.294	-176.51852	-133.28205	-275625.46	-.20237619	-.20237619	-.47880765	-.90036784	.0354786	.25090599	-.78503605	-.20465992
AB_CD15_08dpf_VAST02_plate01_AGRP_210908_D03	1.9333333	210908	1	8	17	NS015	13.937063	1	08-sep-2021 09:56:28	4269	69963.798	67	.5	1	1	D03	3703.3776	934600.83	0	0	1.338e+09	6534.2916	16209.921	3757.3138	1303656	0	0	1.328e+09	6482.0925	14727.8	3702.6022	935886.84	0	0	1.320e+09	6444.2435	16076.385	3768.6394	1314093.6	0	0	1.353e+09	6605.6119	14814.72	9/8/2021 11:56	3703.3776	934600.83	1303656	1	4	AB	CD15	AGRP	1	0	0	2	1	8	-296.70404	23313.073	96179.6	34.481481	-275.24446	-368421.95	-1.1389668	-1.1389668	-.53255794	.47880765	-.27538708	1.3430824	-.44314942	-.02258416
AB_CD15_08dpf_VAST02_plate01_AGRP_210908_D04	1.9	210908	1	8	18	NS014	14.131519	1	08-sep-2021 09:54:41	4556	106114.63	151	.46666667	2	1	D04	4025.3158	985981.45	0	0	1.398e+09	6825.0439	16493.726	3867.7635	1325129.4	0	0	1.361e+09	6644.0424	14794.965	4163.1558	1006946.4	0	0	1.399e+09	6828.7518	16412.166	3790.7314	1332038	0	0	1.375e+09	6712.9846	14854.022	9/8/2021 11:54	4025.3158	985981.45	1325129.4	1	4	AB	CD15	AGRP	1	0	0	2	1	8	25.234159	-25600.304	-37306.474	321.48148	-119.40073	-275482.03	.20237619	.20237619	-.05915307	-.53255794	-.05915307	-.56001135	-.22777673	.27439149
AB_CD15_08dpf_VAST02_plate01_AGRP_210908_D05	1.8666667	210908	1	8	18	NS013	11.506362	1	08-sep-2021 09:52:43	3753	188997.79	198	.43333333	2	2	D05	3853.4941	861806.64	0	0	1.252e+09	6111.6365	15833.878	3599.6216	1203706.1	0	0	1.223e+09	5970.2323	13926.586	3701.548	851548.46	0	0	1.211e+09	5911.281	15552.916	3598.9403	1188483.3	0	0	1.217e+09	5942.3305	13988.308	9/8/2021 11:52	3853.4941	861806.64	1203706.1	1	4	AB	CD15	AGRP	1	0	0	2	1	8	-146.58755	-93092.457	-76026.362	-481.51852	-72.40073	-192598.87	-.53255794	-.53255794	-1.7229053	-1.5437805	-1.052756	-1.0948442	-1.2127505	-.4682027
AB_CD15_08dpf_VAST02_plate01_AGRP_210908_E01	2.0166667	210908	1	8	15	NS018	13.062011	1	08-sep-2021 10:01:56	3411	11323.395	0	.58333333	1	1	E01	3801.9181	939744.87	0	0	1.567e+09	7651.3821	18585.18	3784.3197	1196259.2	0	0	1.471e+09	7182.9341	16659.199	3777.7506	983469.24	0	0	1.578e+09	7706.4748	18467.058	3790.1633	1185612.2	0	0	1.474e+09	7195.206	16656.791	9/8/2021 12:01	3801.9181	939744.87	1196259.2			AB	CD15	AGRP	1	0	0	2	1	8	-198.16351	5865.7849	-58648.054	-823.51852	-261.0684	-363539.05	-.76647079	-.76647079	-.42640697	.1066151	-1.1389668	-.8654489	-1.5669896	-1.0041313
AB_CD15_08dpf_VAST02_plate01_AGRP_210908_E02	2.05	210908	1	8	16	NS019	14.325975	1	08-sep-2021 10:03:38	4216	395895.24	293	.61666667	2	2	E02	3642.52	977577.51	0	0	1.316e+09	6425.2729	15770.278	3657.9356	1187825.3	0	0	1.315e+09	6423.14	15106.639	3634.9543	1052196	0	0	1.332e+09	6505.172	15627.991	3661.1474	1181425.2	0	0	1.332e+09	6506.3026	15186.72	9/8/2021 12:03	3642.52	977577.51	1187825.3	1	4	AB	CD15	AGRP	1	0	0	2	1	8	-357.56158	89713.033	9641.6482	-18.518519	-78.282053	-62609.409	-1.6268282	-1.6268282	-.08286075	1.4701932	-1.185426	.08286075	-.54524419	-.06779862
AB_CD15_08dpf_VAST02_plate01_AGRP_210908_E03	2.1333333	210908	1	8	17	NS020	24.923831	1	08-sep-2021 10:08:31	3464	29632.858	38	.7	1	1	E03	3629.0132	1044151	0	0	1.292e+09	6306.7377	15363.201	3619.9077	1174038.1	0	0	1.266e+09	6183.8098	14807.606	3642.4503	1051029.7	0	0	1.288e+09	6290.3881	15334.444	3626.1937	1181395.3	0	0	1.283e+09	6264.5282	14895.608	9/8/2021 12:08	3629.0132	1044151	1174038.1	1	4	AB	CD15	AGRP	1	0	0	2	1	8	-371.0684	157395.47	2355.697	-770.51852	-304.24446	-408752.89	-1.7229053	-1.7229053	.452452	2.5959142	-1.2869457	-.08286075	-1.4284821	-.86436505
AB_CD15_08dpf_VAST02_plate01_AGRP_210908_E04	2.1666667	210908	1	8	18	NS021	13.256467	1	08-sep-2021 10:10:07	4348	307736.32	185	.73333333	2	2	E04	3839.378	923355.71	0	0	1.272e+09	6210.4627	15751.486	3888.0813	1256641.8	0	0	1.251e+09	6109.6593	14353.467	3855.6588	922368.77	0	0	1.272e+09	6213.0376	15757.018	3888.3774	1274526.4	0	0	1.270e+09	6202.1491	14384.796	9/8/2021 12:10	3839.378	923355.71	1256641.8	0	1	AB	CD15	AGRP	1	0	0	2	1	8	-160.70363	-26886.602	-16296.04	113.48148	-85.40073	-73860.339	-.61624043	-.61624043	-.70448293	-.58789351	-.58789351	-.3248653	-.39384742	.06779862
AB_CD15_08dpf_VAST02_plate01_AGRP_210908_F01	2.2833333	210908	1	8	15	NS025	19.576289	1	08-sep-2021 10:17:55	4870	506186.85	407	.85	2	3	F01	4252.5993	1068076.8	0	0	1.768e+09	8632.5805	19619.723	4201.1178	1507653.2	0	0	1.665e+09	8131.4507	16515.543	4397.9768	1088443.6	0	0	1.818e+09	8878.7501	19833.837	4211.0263	1487824.7	0	0	1.636e+09	7985.9961	16327.073	9/8/2021 12:17	4252.5993	1068076.8	1507653.2	1	4	AB	CD15	AGRP	1	0	0	2	1	8	252.51768	-14478.537	35818.281	635.48148	145.9316	131324.41	.8654489	.8654489	.58789351	-.15431865	1.0948442	.40064808	.11315218	.65337661
AB_CD15_08dpf_VAST02_plate01_AGRP_210908_F02	2.2666667	210908	1	8	16	NS024	11.409134	1	08-sep-2021 10:16:01	4692	608569.7	418	.83333333	2	3																																		1	4	AB	CD15	AGRP	1	0	0	2	1	8				457.48148	46.717947	150065.05							-.04517984	.44314942
AB_CD15_08dpf_VAST02_plate01_AGRP_210908_F03	2.2166667	210908	1	8	17	NS023	13.256467	1	08-sep-2021 10:13:59	4301	198197.85	228	.78333333	2	2	F03	4252.3848	1053422.2	0	0	1.505e+09	7350.4348	17034.668	4193.6863	1440840.5	0	0	1.489e+09	7272.8702	15443.639	4219.3878	1109707.6	1	1	1.512e+09	7384.4925	16852.495	4205.5576	1441378.8	0	0	1.504e+09	7341.9518	15509.313	9/8/2021 12:14	4252.3848	1053422.2	1440840.5	0	1	AB	CD15	AGRP	1	0	0	2	1	8	252.30318	-38978.74	-30891.216	66.481481	-114.24446	-240187.9	.83155464	.83155464	.47880765	-.76647079	.61624043	-.47880765	-.41837129	0
AB_CD15_08dpf_VAST02_plate01_AGRP_210908_F04	2.1833333	210908	1	8	18	NS022	14.812115	1	08-sep-2021 10:11:59	4260	474509.62	395	.75	2	2	F04	3667.9824	922129.52	1	8	1.319e+09	6440.7845	16070.505	3599.6216	1304343.9	0	0	1.351e+09	6596.0083	14498.273	3545.7918	953113.4	1	13	1.344e+09	6562.9666	16105.593	3621.0105	1291962.3	1	3	1.335e+09	6516.4092	14434.482	9/8/2021 12:12	3667.9824	922129.52	1304343.9	1	4	AB	CD15	AGRP	1	0	0	2	1	8	-332.09922	28429.28	113904.33	25.481482	124.59927	92912.955	-1.4701932	-1.4701932	-.73512372	.53255794	-.25090599	1.5437805	-.4682027	-.04517984
AB_CD15_08dpf_VAST02_plate01_AGRP_210908_G01	2.3166667	210908	1	8	15	NS026	14.714887	1	08-sep-2021 10:19:58	3640	275999.89	248	.88333333	2	2	G01	3687.2517	915819.09	0	0	1.245e+09	6078.8053	15412.731	3667.7337	1255744.6	0	0	1.261e+09	6155.4174	14173.428	3876.0631	926137.08	0	0	1.245e+09	6080.9805	15384.4	3659.2844	1244589.2	0	0	1.222e+09	5965.395	13965.634	9/8/2021 12:20	3687.2517	915819.09	1255744.6	1	4	AB	CD15	AGRP	1	0	0	2	1	8	-312.82991	19767.558	56030.134	-594.51852	-13.068399	-98862.554	-1.3430824	-1.3430824	-.8654489	.40064808	-.61624043	.70448293	-1.3129815	-.68159434
AB_CD15_08dpf_VAST02_plate01_AGRP_210908_G03	2.3833333	210908	1	8	17	NS027	12.867555	1	08-sep-2021 10:23:27	4640	746222.31	871	.95	3	3	G03	3916.0069	1091075.4	0	0	1.739e+09	8489.4456	19169.387	3921.4293	1356143.2	0	0	1.720e+09	8397.2222	17935.69	3918.595	1131719.4	0	0	1.755e+09	8568.1855	19124.118	3932.1263	1344748.5	0	0	1.726e+09	8427.9144	17986.009	9/8/2021 12:23	3916.0069	1091075.4	1356143.2	0	1	AB	CD15	AGRP	1	0	0	2	1	8	-84.074742	109642.93	46321.295	405.48148	528.75554	307836.57	-.22657438	-.22657438	.83155464	1.8381674	.13042977	.56001135	-.09045214	.41837129
AB_CD15_08dpf_VAST02_plate01_AGRP_210908_G04	2.4166667	210908	1	8	18	NS028	10.242397	1	08-sep-2021 10:25:31	2789	26711.635	29	.98333333	1	1	G04	4099.3781	926705.32	0	0	1.240e+09	6056.4492	15110.831	3987.6789	1207145.4	0	0	1.163e+09	5678.7902	13283.708	4013.4254	899938.35	0	0	1.221e+09	5963.3394	15131.429	3972.8163	1180946.7	0	0	1.117e+09	5451.9187	12999.846	9/8/2021 12:25	4099.3781	926705.32	1207145.4	1	4	AB	CD15	AGRP	1	0	0	2	1	8	99.296445	-109309	-190939.1	-1445.5185	-241.40073	-354885.03	.53255794	.53255794	-.61624043	-1.8381674	-.93642074	-2.1930762	-2.6117121	-1.8587466
AB_CD15_08dpf_VAST02_plate01_AGRP_210908_H01	2.5166667	210908	1	8	15	NS030	21.03471	1	08-sep-2021 10:31:50	4900	565295.08	556	1.0833333	2	3	H01	4413.8538	1117752.7	0	0	1.744e+09	8513.4116	19080.391	4283.955	1552065.4	0	0	1.589e+09	7760.2937	16081.107	4432.5256	1129416.5	0	0	1.768e+09	8633.7135	19182.452	4309.4999	1542614.7	0	0	1.578e+09	7705.6655	16013.725	9/8/2021 12:31	4413.8538	1117752.7	1552065.4			AB	CD15	AGRP	1	0	0	2	1	8	413.77222	-17999.254	2613.3906	665.48148	294.9316	190432.64	1.4038035	1.4038035	1.0124546	-.30003436	1.2869457	-.05915307	.15873981	.7697614
AB_CD15_08dpf_VAST02_plate01_AGRP_210908_H04	2.45	210908	1	8	18	NS029	11.506362	1	08-sep-2021 10:27:18	3869	30724.653	33	1.0166667	1	1	H04	3856.8687	966302.49	0	0	1.393e+09	6803.39	16586.126	3760.8542	1263520.5	0	0	1.348e+09	6581.6546	14922.978	3845.4063	967678.22	0	0	1.391e+09	6790.1881	16549.145	3751.6263	1282182.6	0	0	1.377e+09	6724.1807	15063.147	9/8/2021 12:27	3856.8687	966302.49	1263520.5	1	4	AB	CD15	AGRP	1	0	0	2	1	8	-143.21297	10290.142	-17836.208	-365.51852	-237.40073	-350872.01	-.47880765	-.47880765	-.17829594	.20237619	-.53255794	-.37515234	-1.0819398	-.39384742
AB_CD15_08dpf_VAST02_plate02_AGRP_210908_A01	2.9333333	210908	2	8	15	NS031		2	08-sep-2021 10:56:41	3198	13260.728	10	3.335e-13	1	1	A01	3951.697	951199.34	0	0	1.249e+09	6097.8319	15251.012	3869.4836	1198083.5	0	0	1.156e+09	5645.5207	13509.647	4135.4202	932567.14	0	0	1.235e+09	6027.9908	15196.485	3873.1261	1188842.2	0	0	1.138e+09	5555.1152	13455.299	9/8/2021 12:56	3951.697	951199.34	1198083.5	1	4	AB	CD15	AGRP	1	0	0	2	1	8	-48.384665	-32090.627	-128917.21	-1428.5312	-530.87593	-558691.94	-.05915307	-.05915307	-.27538708	-.67448975	-1.0948442	-1.3430824	-1.8587466	-1.7444475
AB_CD15_08dpf_VAST02_plate02_AGRP_210908_A02	2.9666667	210908	2	8	16	NS032	13.377268	2	08-sep-2021 10:58:36	4800	1219449.9	1370	.03333333	3	4	A02	3806.5014	913815.31	0	0	1.256e+09	6133.9416	15642.462	3717.9336	1297614.7	0	0	1.312e+09	6408.3704	14741.918	3864.9015	931011.96	1	3	1.291e+09	6303.9698	15890.168	3757.1308	1285442.5	0	0	1.273e+09	6215.5889	14519.715	9/8/2021 12:58	3806.5014	913815.31	1297614.7	0	1	AB	CD15	AGRP	1	0	0	2	1	8	-193.58019	-28145.361	40501.434	173.46875	718.91042	563855.04	-.73512372	-.73512372	-.9737339	-.61624043	-.3248653	.47880765	.06779862	.18165198
AB_CD15_08dpf_VAST02_plate02_AGRP_210908_A03	3	210908	2	8	17	NS033	11.222135	2	08-sep-2021 11:00:13	3960	370097.72	531	.06666667	2	2	A03	3573.371	880379.03	0	0	1.265e+09	6176.227	15969.248	3681.5047	1223414.9	0	0	1.273e+09	6215.0498	14566.451	3616.0391	874547.12	0	0	1.252e+09	6113.3648	15867.982	3675.4923	1238697.5	0	0	1.282e+09	6259.9549	14579.536	9/8/2021 1:00	3573.371	880379.03	1223414.9	0	1	AB	CD15	AGRP	1	0	0	2	1	8	-426.71065	11979.443	78514.975	-666.53125	-91.051994	-265378.25	-2.1930762	-2.1930762	-1.4038035	.27538708	-.8654489	.9737339	-.89765526	-.71036555
AB_CD15_08dpf_VAST02_plate02_AGRP_210908_A04	3.0166667	210908	2	8	18	NS034	14.347078	2	08-sep-2021 11:01:52	4561	1255266.1	955	.08333333	3	4	A04	3699.8226	933583.98	0	0	1.310e+09	6394.125	16101.847	3674.239	1301353.1	0	0	1.312e+09	6407.698	14792.397	3779.4602	944051.51	0	0	1.329e+09	6488.1114	16205.345	3669.6779	1293427.7	0	0	1.303e+09	6361.6797	14747.424	9/8/2021 1:01	3699.8226	933583.98	1301353.1	1	4	AB	CD15	AGRP	1	0	0	2	1	8	-300.25904	29379.917	95587.881	-65.53125	404.79174	676579.2	-1.2345954	-1.2345954	-.56001135	.58789351	-.30003436	1.2869457	-.20465992	-.09045214
AB_CD15_08dpf_VAST02_plate02_AGRP_210908_B01	3.2	210908	2	8	15	XX001		2	08-sep-2021 11:12:39	5108	576968.12	631	.26666667	2	3	B01	3786.2159	918839.72	0	0	1.292e+09	6310.2564	16329.733	3827.1757	1286429.4	0	0	1.257e+09	6138.8062	14734.578	3888.9311	915639.65	0	0	1.287e+09	6285.7425	16297.112	3839.1248	1297106.3	0	0	1.274e+09	6219.9642	14791.003	9/8/2021 1:12	3786.2159	918839.72	1286429.4	0	1	AB	CD15	AGRP	1	0	0	2	1	8	-213.86571	-9859.3328	39080.22	481.46875	90.124071	5015.4505	-.8654489	-.8654489	-.83155464	-.05915307	-.40064808	.42640697	.39384742	.4935534
AB_CD15_08dpf_VAST02_plate02_AGRP_210908_B02	3.1666667	210908	2	8	16	NS038	14.023808	2	08-sep-2021 11:10:59	4464	36036.276	51	.23333333	1	1	B02	3965.0286	954339.6	0	0	1.273e+09	6217.225	15532.076	3901.178	1318370.4	0	0	1.259e+09	6146.8285	13973.367	4106.8237	969801.64	0	0	1.303e+09	6364.5198	15634.869	3926.6996	1314183.3	0	0	1.257e+09	6136.2015	13986.714	9/8/2021 1:11	3965.0286	954339.6	1318370.4			AB	CD15	AGRP	1	0	0	2	1	8	-35.053067	-39917.938	-15047.279	-162.53125	-600.08958	-619558.6	.01182399	.01182399	-.25090599	-.83155464	-.15431865	-.30003436	-.32161055	-.18165198
AB_CD15_08dpf_VAST02_plate02_AGRP_210908_B03	3.15	210908	2	8	17	NS037	17.256507	2	08-sep-2021 11:09:18	5953	1537988.8	2008	.21666667	4	4	B03	3932.2176	1134530.6	1	9	1.681e+09	8210.1894	18231.521	3968.0144	1516146.9	0	0	1.653e+09	8068.9732	16661.91	3998.4978	1157559.2	1	12	1.691e+09	8255.1693	18194.894	3960.2247	1506367.2	1	10	1.628e+09	7949.7869	16540.714	9/8/2021 1:09	3932.2176	1134530.6	1516146.9			AB	CD15	AGRP	1	0	0	2	1	8	-67.864025	147750.34	198522.21	1326.4687	1385.948	902512.79	-.15431865	-.15431865	1.2345954	2.1930762	1.1389668	2.5959142	1.1669186	1.7444475
AB_CD15_08dpf_VAST02_plate02_AGRP_210908_B04	3.1166667	210908	2	8	18	NS036	5.8343028	2	08-sep-2021 11:07:13	4050	1127090.1	943	.18333333	3	3																																		1	4	AB	CD15	AGRP	1	0	0	2	1	8				-576.53125	392.79174	548403.22							-.83200627	-.62566982
AB_CD15_08dpf_VAST02_plate02_AGRP_210908_B05	3.0833333	210908	2	8	16	NS035	17.364263	2	08-sep-2021 11:05:19	5555	1690734.6	1546	.15	4	4																																		0	1	AB	CD15	AGRP	1	0	0	2	1	8				928.46875	894.91042	1035139.8							.71036555	1.123415
AB_CD15_08dpf_VAST02_plate02_AGRP_210908_C01	3.25	210908	2	8	15	NS039	8.2049489	2	08-sep-2021 11:15:47	3214	10516.906	1	.31666667	1	1	C01	3855.6084	811861.57	0	0	1.111e+09	5423.4777	14703.385	3493.0632	1097834.5	0	0	1.046e+09	5106.5655	12868.466	3825.2997	818680.42	0	0	1.118e+09	5458.4369	14708.644	3489.581	1117334	0	0	1.060e+09	5175.1316	12876.396	9/8/2021 1:15	3855.6084	811861.57	1097834.5	1	4	AB	CD15	AGRP	1	0	0	2	1	8	-144.47324	-139729.52	-182915.63	-1412.5312	-539.87593	-561435.77	-.50550022	-.50550022	-2.5959142	-2.5959142	-1.9847723	-1.9847723	-1.7444475	-1.649237
AB_CD15_08dpf_VAST02_plate02_AGRP_210908_C02	3.2833333	210908	2	8	16	NS040	12.946241	2	08-sep-2021 11:17:38	5087	680353.01	442	.35	3	3	C02	4425.1954	1061586.9	0	0	1.466e+09	7159.3118	16664.516	4249.1061	1447121	0	0	1.430e+09	6983.4415	15072.528	4387.1681	1063291.6	0	0	1.455e+09	7104.3411	16590.49	4243.9755	1472691.7	0	0	1.466e+09	7160.0016	15183.436	9/8/2021 1:17	4425.1954	1061586.9	1447121	1	4	AB	CD15	AGRP	1	0	0	2	1	8	425.11383	-84476.113	-107790.16	460.46875	-209.08958	24758.129	1.4701932	1.4701932	.56001135	-1.4701932	.70448293	-1.2869457	.34548507	.4682027
AB_CD15_08dpf_VAST02_plate02_AGRP_210908_C03	3.3166667	210908	2	8	17	NS041	10.036812	2	08-sep-2021 11:19:16	4111	37880.346	32	.38333333	1	1	C03	3958.0227	942346.8	0	0	1.323e+09	6457.9186	16172.888	3871.987	1278653.6	0	0	1.282e+09	6262.1687	14394.676	4008.8325	951647.95	0	0	1.349e+09	6589.0817	16309.77	3877.6561	1279909.7	0	0	1.288e+09	6288.8503	14437.372	9/8/2021 1:19	3958.0227	942346.8	1278653.6			AB	CD15	AGRP	1	0	0	2	1	8	-42.05893	-52946.402	-51391.923	-515.53125	-590.05199	-597595.63	-.01182399	-.01182399	-.40064808	-1.052756	-.452452	-.64509145	-.71036555	-.4935534
AB_CD15_08dpf_VAST02_plate02_AGRP_210908_C04	3.3333333	210908	2	8	18	NS042	13.808294	2	08-sep-2021 11:20:56	5578	25692.222	1	.4	1	1	C04	4337.7151	1032397.5	0	0	1.535e+09	7495.6441	17559.944	4123.209	1427202.8	0	0	1.466e+09	7159.5334	15232.531	4202.2247	1021601	0	0	1.493e+09	7290.892	17288.53	4096.2726	1420174.6	0	0	1.464e+09	7148.7283	15277.529	9/8/2021 1:20	4337.7151	1032397.5	1427202.8			AB	CD15	AGRP	1	0	0	2	1	8	337.63353	-82242.417	-85601.22	951.46875	-549.20826	-552994.67	1.185426	1.185426	.37515234	-1.4038035	.50550022	-1.185426	.8004961	1.1669186
AB_CD15_08dpf_VAST02_plate02_AGRP_210908_C05	3.3666667	210908	2	8	16	NS043	11.545405	2	08-sep-2021 11:22:57	5398	643406.26	641	.43333333	3	3	C05	4069.1175	1027821.7	1	9	1.414e+09	6906.3015	16341.254	4071.6304	1429116.8	0	0	1.481e+09	7232.1835	15138.471	4192.4916	1034162	1	6	1.426e+09	6961.5436	16398.75	4156.4263	1429475.7	0	0	1.451e+09	7085.5622	14990.951	9/8/2021 1:23	4069.1175	1027821.7	1429116.8	1	4	AB	CD15	AGRP	1	0	0	2	1	8	69.035888	-774.02094	45597.737	771.46875	-10.089584	-12188.613	.452452	.452452	.3248653	.01182399	.56001135	.53255794	.57163753	.93197131
AB_CD15_08dpf_VAST02_plate02_AGRP_210908_D01	3.6	210908	2	8	15	NS048	14.023808	2	08-sep-2021 11:36:32	4760	1235104.7	986	.66666667	3	4	D01	3904.9326	970010.99	0	0	1.380e+09	6736.3417	16560.144	3893.5426	1325757.4	0	0	1.254e+09	6124.8497	14397.712	4118.0595	972343.75	0	0	1.339e+09	6536.6299	16231.58	3893.9382	1319566.7	0	0	1.248e+09	6091.5242	14381.957	9/8/2021 1:36	3904.9326	970010.99	1325757.4	0	1	AB	CD15	AGRP	1	0	0	2	1	8	-95.149029	2148.2193	21265.972	133.46875	445.12407	663152.01	-.25090599	-.25090599	-.15431865	.0354786	-.0354786	.17829594	.02258416	.09045214
AB_CD15_08dpf_VAST02_plate02_AGRP_210908_D03	3.55	210908	2	8	17	NS046	11.976431	2	08-sep-2021 11:33:03	4495	696205.46	763	.61666667	3	3	D03	3895.2859	986370.24	0	0	1.387e+09	6771.9645	16444.423	3822.9731	1328449.1	0	0	1.372e+09	6701.1385	15070.831	3948.4526	999978.03	0	0	1.423e+09	6949.6564	16681.901	3797.1324	1316217	0	0	1.357e+09	6623.9886	15034.214	9/8/2021 1:33	3895.2859	986370.24	1328449.1			AB	CD15	AGRP	1	0	0	2	1	8	-104.79576	11773.428	28600.911	-131.53125	140.94801	60729.482	-.30003436	-.30003436	-.0354786	.25090599	-.01182399	.30003436	-.27439149	-.15873981
AB_CD15_08dpf_VAST02_plate02_AGRP_210908_D04	3.4333333	210908	2	8	18	NS045	9.4980286	2	08-sep-2021 11:26:51	3938	9910.235	0	.5	1	1	D04	3722.9377	897545.78	0	0	1.260e+09	6153.1724	15830.659	3713.6719	1204483.6	0	0	1.207e+09	5893.2816	13998.621	3752.4592	904603.88	0	0	1.266e+09	6181.256	15831.05	3715.2298	1221022.3	0	0	1.236e+09	6037.5894	14114.767	9/8/2021 1:26	3722.9377	897545.78	1204483.6	1	4	AB	CD15	AGRP	1	0	0	2	1	8	-277.14395	-14283.78	-12407.68	-688.53125	-550.20826	-568776.65	-1.052756	-1.052756	-1.1389668	-.1066151	-1.0124546	-.22657438	-.96742157	-.7697614
AB_CD15_08dpf_VAST02_plate02_AGRP_210908_D05	3.4166667	210908	2	8	18	NS044	2.3860902	2	08-sep-2021 11:25:07	4796	21431.463	4	.48333333	1	1	D05	3995.5572	964866.94	1	9	1.382e+09	6747.6312	16398.055	3942.9801	1338468	0	0	1.406e+09	6863.8081	14820.348	3887.0042	963640.75	1	7	1.385e+09	6763.438	16421.157	3916.1749	1321091.9	1	7	1.395e+09	6811.6601	14815.485	9/8/2021 1:25	3995.5572	964866.94	1338468	1	4	AB	CD15	AGRP	1	0	0	2	1	8	-4.5243939	-36897.69	-9644.0789	169.46875	-546.20826	-557255.43	.08286075	.08286075	-.20237619	-.73512372	.05915307	-.20237619	.04517984	.15873981
AB_CD15_08dpf_VAST02_plate02_AGRP_210908_E01	3.6333333	210908	2	8	15	NS049	9.4980286	2	08-sep-2021 11:38:33	4093	56275.209	48	.7	1	1	E01	3946.1569	914772.34	0	0	1.232e+09	6015.0628	15122.819	3654.451	1147450.6	0	0	1.168e+09	5701.2098	13436.888	3858.0898	915699.46	0	0	1.229e+09	5998.8426	15109.224	3589.3877	1168744.5	0	0	1.179e+09	5758.3868	13452.225	9/8/2021 1:38	3946.1569	914772.34	1147450.6	1	4	AB	CD15	AGRP	1	0	0	2	1	8	-53.924686	-66690.019	-176883.55	-533.53125	-492.87593	-515677.46	-.1066151	-.1066151	-.90036784	-1.0948442	-1.5437805	-1.8381674	-.73973722	-.54524419
AB_CD15_08dpf_VAST02_plate02_AGRP_210908_E02	3.6666667	210908	2	8	16	NS050	15.101374	2	08-sep-2021 11:40:14	4851	628061.38	707	.73333333	2	3	E02	4377.1357	1137042.8	0	0	1.588e+09	7756.1487	17426.259	4075.4078	1454597.8	0	0	1.500e+09	7326.2646	15916.903	4336.6084	1171256.7	0	0	1.623e+09	7926.8767	17553.489	4124.1482	1460549.3	0	0	1.485e+09	7249.0436	15742.326	9/8/2021 1:40	4377.1357	1137042.8	1454597.8	0	1	AB	CD15	AGRP	1	0	0	2	1	8	377.05409	6834.3544	-77180.615	224.46875	55.910416	-27533.502	1.3430824	1.3430824	1.2869457	.15431865	.7985898	-1.1389668	.09045214	.20465992
AB_CD15_08dpf_VAST02_plate02_AGRP_210908_E03	3.6833333	210908	2	8	17	NS051	13.700538	2	08-sep-2021 11:41:54	5270	707981.82	551	.75	3	3	E03	4211.2251	1034281.6	0	0	1.571e+09	7671.0549	17782.854	3952.8207	1384824.2	0	0	1.563e+09	7630.5426	16383.666	4158.7318	1090925.9	0	0	1.597e+09	7799.0144	17702.619	3949.2895	1378513.8	0	0	1.562e+09	7624.8536	16378.358	9/8/2021 1:41	4211.2251	1034281.6	1384824.2	1	4	AB	CD15	AGRP	1	0	0	2	1	8	211.14351	-44541.11	-67095.947	643.46875	-71.051994	72505.843	.76647079	.76647079	.40064808	-.93642074	.3248653	-1.0124546	.41837129	.68159434
AB_CD15_08dpf_VAST02_plate02_AGRP_210908_E04	3.7166667	210908	2	8	18	NS052	8.9592454	2	08-sep-2021 11:43:51	3761	46974.9	69	.78333333	1	1																																		1	4	AB	CD15	AGRP	1	0	0	2	1	8				-865.53125	-481.20826	-531711.99							-1.144896	-1.0618841
AB_CD15_08dpf_VAST02_plate02_AGRP_210908_E05	3.8416667	210908	2	8	18	NS065	12.622971									E05	3699.9681	948836.67	0	0	1.332e+09	6502.4016	16164.198	3738.5217	1286668.7	1	43	1.313e+09	6409.6603	15022.677	3837.4924	963311.77	1	89	1.363e+09	6657.4573	16316.27	3717.9336	1296418.5	1	38	1.308e+09	6388.7336	14912.884	9/8/2021 2:08	3699.9681	948836.67	1286668.7	1	4	AB	CD15	AGRP	1	0	0	2	1	8	-300.11354	44584.603	80833.399				-1.185426	-1.185426	-.3248653	.76647079	-.37515234	1.052756		
AB_CD15_08dpf_VAST02_plate02_AGRP_210908_F01	3.8666667	210908	2	8	15	NS056	13.916051	2	08-sep-2021 11:52:37	5308	1202852.8	1116	.93333333	3	4	F01	4162.5271	1124511.7	0	0	1.772e+09	8652.2471	19056.771	4164.9513	1428309.3	0	0	1.733e+09	8463.7924	17490.919	4165.9673	1167368.8	0	0	1.776e+09	8669.5418	18873.571	4168.2244	1430851.4	0	0	1.736e+09	8475.6771	17463.751	9/8/2021 1:52	4162.5271	1124511.7	1428309.3	0	1	AB	CD15	AGRP	1	0	0	2	1	8	162.44551	71670.512	-170.88535	681.46875	575.12407	630900.15	.70448293	.70448293	1.0948442	1.2869457	.53255794	-.1066151	.4935534	.8004961
AB_CD15_08dpf_VAST02_plate02_AGRP_210908_F02	3.8333333	210908	2	8	16	NS055	9.390272	2	08-sep-2021 11:50:44	3896	8138.1154	0	.9	1	1	F02	3900.2004	930922.24	0	0	1.233e+09	6021.6494	15112.02	3769.7185	1168206.2	0	0	1.113e+09	5436.3871	13052.701	3963.4858	915161.13	0	0	1.239e+09	6049.8974	15279.835	3759.7209	1183817.7	0	0	1.136e+09	5544.975	13148.404	9/8/2021 1:50	3900.2004	930922.24	1168206.2	1	4	AB	CD15	AGRP	1	0	0	2	1	8	-99.881225	-41948.989	-134007.53	-730.53125	-651.08958	-647456.76	-.27538708	-.27538708	-.58789351	-.8654489	-1.3430824	-1.4701932	-1.0422467	-.8004961
AB_CD15_08dpf_VAST02_plate02_AGRP_210908_F03	3.8166667	210908	2	8	17	NS054		2	08-sep-2021 11:49:06	5437	1402780.7	1251	.88333333	4	4	F03	4026.0884	1020464.5	0	0	1.461e+09	7132.9215	16972.654	3992.5621	1418260.5	0	0	1.452e+09	7091.7716	15508.864	4074.2518	1014871.8	0	0	1.481e+09	7232.8795	17140.388	3991.8504	1399060.1	0	0	1.437e+09	7014.8495	15495.374	9/8/2021 1:49	4026.0884	1020464.5	1418260.5	0	1	AB	CD15	AGRP	1	0	0	2	1	8	26.006783	2716.9227	55452.74	810.46875	628.94801	767304.72	.22657438	.22657438	.27538708	.05915307	.37515234	.67448975	.59843525	1.0422467
AB_CD15_08dpf_VAST02_plate02_AGRP_210908_F04	3.75	210908	2	8	18	NS053	1.9550637	2	08-sep-2021 11:45:28	3761	44650.368	51	.81666667	1	1	F04	3713.3296	834022.83	0	0	1.052e+09	5134.8695	13997.416	3672.285	1155017.1	0	0	1.027e+09	5016.1451	12625.636	3948.7443	881156.62	0	0	1.110e+09	5421.9263	14290.482	3671.3279	1137491.5	0	0	1.014e+09	4950.7864	12565.596	9/8/2021 1:45	3713.3296	834022.83	1155017.1	0	1	AB	CD15	AGRP	1	0	0	2	1	8	-286.75204	-74637.093	-57249.539	-865.53125	-499.20826	-534036.52	-1.0948442	-1.0948442	-2.1930762	-1.185426	-1.4701932	-.7985898	-1.144896	-1.0618841
AB_CD15_08dpf_VAST02_plate02_AGRP_210908_G01	3.9	210908	2	8	15	NS057	11.006622	2	08-sep-2021 11:54:17	3947	249393.14	277	.96666667	2	2	G01	3752.7143	870898.44	0	0	1.217e+09	5940.8961	15474.533	3472.1696	1176340.9	0	0	1.194e+09	5831.4814	13944.578	3571.0644	850890.5	0	0	1.195e+09	5835.8842	15395.846	3484.023	1165574.3	0	0	1.188e+09	5798.9914	13945.923	9/8/2021 1:54	3752.7143	870898.44	1176340.9	1	4	AB	CD15	AGRP	1	0	0	2	1	8	-247.36735	-46748.686	-54882.838	-679.53125	-263.87593	-322559.53	-.9737339	-.9737339	-1.5437805	-.9737339	-1.2345954	-.70448293	-.93197131	-.73973722
AB_CD15_08dpf_VAST02_plate02_AGRP_210908_G02	3.9333333	210908	2	8	16	NS058	7.6661657	2	08-sep-2021 11:56:35	2852	90657.271	154	1	2	1	G02	4042.886	887407.23	0	0	1.240e+09	6056.8551	15597.961	3822.2611	1214771.7	0	0	1.198e+09	5849.5381	14072.948	4086.9275	940133.67	0	0	1.282e+09	6259.9649	15691.119	3828.2656	1205949.1	0	0	1.206e+09	5890.7839	14157.354	9/8/2021 1:56	4042.886	887407.23	1214771.7	1	4	AB	CD15	AGRP	1	0	0	2	1	8	42.804401	-132534.89	-156121.28	-1774.5313	-497.08958	-564937.61	.25090599	.25090599	-1.2869457	-1.9847723	-.90036784	-1.6268282	-2.2111272	-2.0042336
AB_CD15_08dpf_VAST02_plate02_AGRP_210908_G04	3.9833333	210908	2	8	18	NS060		2	08-sep-2021 11:59:53	6382	1410052.4	1582	1.05	4	4	G04	4255.422	1206876.2	0	0	1.692e+09	8260.3602	17794.465	4185.3663	1600515.1	0	0	1.635e+09	7985.7197	16294.068	4404.1403	1224820.6	0	0	1.714e+09	8367.2236	17872.12	4271.2198	1588552.2	0	0	1.618e+09	7900.6981	16202.481	9/8/2021 1:59	4255.422	1206876.2	1600515.1			AB	CD15	AGRP	1	0	0	2	1	8	255.34037	119384.22	127321.57	1755.4688	1031.7917	831365.47	.93642074	.93642074	1.6268282	1.9847723	1.4701932	1.9847723	1.8587466	2.6117121
AB_CD15_08dpf_VAST02_plate02_AGRP_210908_H01	4.1	210908	2	8	15	NS064	14.454834	2	08-sep-2021 12:06:48	6048	1793256.7	1559	1.1666667	4	4	H01	4544.6135	1145416.9	0	0	1.720e+09	8397.8012	18596.164	4290.4078	1520812.4	0	0	1.639e+09	8003.4053	16642.508	4430.7575	1205949.1	0	0	1.737e+09	8483.1913	18455.57	4315.1903	1510584.1	0	0	1.629e+09	7953.6455	16596.569	9/8/2021 2:06	4544.6135	1145416.9	1520812.4			AB	CD15	AGRP	1	0	0	2	1	8	544.53189	-33471.672	-91578.599	1421.4688	1018.1241	1221304	1.9847723	1.9847723	1.4038035	-.70448293	1.185426	-1.2345954	1.3129815	1.8587466
AB_CD15_08dpf_VAST02_plate02_AGRP_210908_H02	4.0833333	210908	2	8	16	NS063	16.071184	2	08-sep-2021 12:05:11	5867	640784.51	573	1.15	3	3	H02	4267.4791	1078903.2	0	0	1.535e+09	7493.8349	17263.227	4194.4885	1500206.3	0	0	1.473e+09	7194.581	15492.949	4266.1298	1095741	0	0	1.545e+09	7543.8114	17252.705	4183.6831	1522666.6	0	0	1.503e+09	7338.3833	15588.777	9/8/2021 2:05	4267.4791	1078903.2	1500206.3	0	1	AB	CD15	AGRP	1	0	0	2	1	8	267.39745	-15130.417	21209.262	1240.4687	-78.089584	-14810.371	1.0124546	1.0124546	.73512372	-.22657438	1.0124546	.15431865	1.0819398	1.4941549
AB_CD15_08dpf_VAST02_plate02_AGRP_210908_H04	4.0166667	210908	2	8	18	NS061	7.4506524	2	08-sep-2021 12:01:49	3550	27760.951	18	1.0833333	1	1	H04	3851.8794	1012718.5	0	0	1.232e+09	6016.8433	14738.24	3801.033	1111771.2	0	0	1.218e+09	5946.9499	14271.791	3816.2511	1030214.2	0	0	1.227e+09	5991.3906	14670.893	3802.2563	1132168	0	0	1.229e+09	6003.0287	14314.726	9/8/2021 2:01	3851.8794	1012718.5	1111771.2	1	4	AB	CD15	AGRP	1	0	0	2	1	8	-148.20219	58352.065	-167184	-1076.5312	-532.20826	-550925.94	-.57389666	-.56001135	.20237619	1.052756	-1.7229053	-1.7229053	-1.3684503	-1.4284821
AB_CD15_08dpf_VAST02_plate03_AGRP_210908_A01	4.2666667	210908	3	8	15	NS066	13.580099	3	08-sep-2021 12:16:12	4611	111726.37	177	-3.331e-13	2	1	A01	3830.9248	949075.93	0	0	1.312e+09	6407.906	15903.213	3691.1915	1262264.4	0	0	1.244e+09	6075.1683	14229.981	3971.2766	946384.28	0	0	1.276e+09	6228.1534	15665.804	3697.0732	1267438.4	0	0	1.251e+09	6109.2995	14319.553	9/8/2021 2:16	3830.9248	949075.93	1262264.4	1	4	AB	CD15	AGRP	1	0	0	2	1	8	-169.15686	5627.7708	-6604.6611	-554.57143	-723.15668	-862864.2	-.67448975	-.67448975	-.30003436	.08286075	-.56001135	-.17829594	-.11315218	-.57163753
AB_CD15_08dpf_VAST02_plate03_AGRP_210908_A02	4.2833333	210908	3	8	16	NS067	21.502206	3	08-sep-2021 12:17:53	6136	2094418.1	1786	.01666667	4	4	A02	4483.2311	1213754.9	0	0	2.051e+09	10013.476	20973.823	4423.8943	1658804.3	0	0	1.877e+09	9167.0458	17760.836	4500.1134	1221500.9	0	0	2.107e+09	10290.348	21293.274	4451.6834	1652015.4	0	0	1.811e+09	8842.4711	17302.763	9/8/2021 2:17	4483.2311	1213754.9	1658804.3			AB	CD15	AGRP	1	0	0	2	1	8	483.14947	48546.349	75958.728	970.42857	775.62967	1036185.3	1.7229053	1.7229053	1.7229053	.90036784	1.9847723	.93642074	1.4284821	1.2127505
AB_CD15_08dpf_VAST02_plate03_AGRP_210908_A03	4.3166667	210908	3	8	17	NS068	12.87814	3	08-sep-2021 12:19:46	4709	1679866.4	1124	.05	4	4	A03	3549.5221	869672.24	0	0	1.204e+09	5877.6703	15451.139	3543.9568	1157798.5	0	0	1.219e+09	5951.9316	14424.266	3544.1719	879242.55	0	0	1.224e+09	5975.6062	15608.34	3554.3762	1155734.9	0	0	1.212e+09	5917.1331	14404.005	9/8/2021 2:19	3549.5221	869672.24	1157798.5	1	4	AB	CD15	AGRP	1	0	0	2	1	8	-450.55953	9140.2171	24377.773	-456.57143	142.66726	641752.56	-2.5959142	-2.5959142	-1.6268282	.17829594	-1.4038035	.22657438	-.02258416	-.41837129
AB_CD15_08dpf_VAST02_plate03_AGRP_210908_A04	4.35	210908	3	8	18	NS069	15.886535	3	08-sep-2021 12:21:32	5664	1745710.2	1566	.08333333	4	4	A04	4227.4003	1060779.4	0	0	1.545e+09	7543.1714	17466.816	4004.2492	1445894.8	0	0	1.560e+09	7619.0676	16383.337	4033.5507	1126545.4	0	0	1.571e+09	7668.8386	17418.181	4014.7926	1428458.9	0	0	1.544e+09	7538.7973	16302.632	9/8/2021 2:21	4227.4003	1060779.4	1445894.8	1	4	AB	CD15	AGRP	1	0	0	2	1	8	227.31873	-17468.462	-13811.055	498.42857	656.51099	764385.46	.7985898	.7985898	.53255794	-.25090599	.67448975	-.27538708	.86436505	.54524419
AB_CD15_08dpf_VAST02_plate03_AGRP_210908_A05	4.3833333	210908	3	8	15	NS070	11.073103	3	08-sep-2021 12:23:12	3341	55914.859	95	.11666667	1	1	A05	3851.8794	872214.36	0	0	1.133e+09	5534.1325	14473.452	3828.1875	1145865.5	0	0	1.075e+09	5247.9984	12651.626	3855.8566	868505.86	0	0	1.129e+09	5512.7526	14429.696	3791.753	1150949.7	0	0	1.062e+09	5187.3375	12505.658	9/8/2021 2:23	3851.8794	872214.36	1145865.5	1	4	AB	CD15	AGRP	1	0	0	2	1	8	-148.20219	-78146.583	-133089.76	-1824.5714	-805.15668	-918675.71	-.57389666	-.58789351	-1.4701932	-1.2869457	-1.6268282	-1.4038035	-1.649237	-2.2111272
AB_CD15_08dpf_VAST02_plate03_AGRP_210908_B01	4.4166667	210908	3	8	15	NS071	20.499407	3	08-sep-2021 12:25:06	6312	1739067.5	1610	.15	4	4	B01	4304.4065	1142785	0	0	1.647e+09	8043.5728	17790.866	4199.9502	1556342.2	0	0	1.597e+09	7795.6401	16220.563	4484.7918	1164557.5	0	0	1.664e+09	8123.3711	17836.115	4189.0768	1577875.4	0	0	1.619e+09	7906.3273	16249.632	9/8/2021 2:25	4304.4065	1142785	1556342.2	1	4	AB	CD15	AGRP	1	0	0	2	1	8	304.32492	43138.91	59570.716	1146.4286	709.84332	764476.88	1.1389668	1.1389668	1.3430824	.70448293	1.3430824	.7985898	1.7444475	1.4284821
AB_CD15_08dpf_VAST02_plate03_AGRP_210908_B02	4.45	210908	3	8	16	NS072	18.293251	3	08-sep-2021 12:27:05	5888	1242306.8	1377	.18333333	3	4	B02	4129.0837	1131300.7	0	0	1.638e+09	7997.7699	17827.249	4012.8292	1496288.5	0	0	1.528e+09	7459.5232	16160.241	4211.1115	1149005.7	0	0	1.647e+09	8043.9675	17863.776	4020.874	1534360.4	0	0	1.582e+09	7722.5766	16299.084	9/8/2021 2:27	4129.0837	1131300.7	1496288.5	0	1	AB	CD15	AGRP	1	0	0	2	1	8	129.00209	82922.598	83905.659	722.42857	366.62967	184074.03	.64509145	.64509145	1.185426	1.4038035	.9737339	1.1389668	1.123415	.83200627
AB_CD15_08dpf_VAST02_plate03_AGRP_210908_B03	4.4666667	210908	3	8	17	NS073	11.775062	3	08-sep-2021 12:28:58	5035	1649075	1091	.2	4	4	B03	3810.0236	986430.05	1	9	1.394e+09	6808.5573	16400.216	3832.4234	1376420.3	0	0	1.411e+09	6891.5244	14851.96	3800.974	991155.4	1	10	1.380e+09	6739.3225	16279.231	3812.9896	1362991.9	1	8	1.404e+09	6856.7856	14883.092	9/8/2021 2:29	3810.0236	986430.05	1376420.3	1	4	AB	CD15	AGRP	1	0	0	2	1	8	-190.05801	39960.598	117611.63	-130.57143	109.66726	610961.12	-.70448293	-.70448293	-.01182399	.64509145	.25090599	1.6268282	.32161055	-.13591068
AB_CD15_08dpf_VAST02_plate03_AGRP_210908_B04	4.5	210908	3	8	18	NS074	14.683177	3	08-sep-2021 12:30:49	5275	1145969.2	1176	.23333333	3	3	B04	4059.9346	970160.52	0	0	1.351e+09	6595.4891	16328.577	3832.3765	1321929.3	0	0	1.358e+09	6631.7805	15286.603	4142.4761	974497.07	0	0	1.359e+09	6638.0908	16380.191	3833.7342	1339305.4	0	0	1.370e+09	6689.5241	15333.473	9/8/2021 2:30	4059.9346	970160.52	1321929.3			AB	CD15	AGRP	1	0	0	2	1	8	59.852968	-52841.703	-57169.72	109.42857	266.51099	164644.38	.40064808	.40064808	-.13042977	-1.0124546	-.08286075	-.76647079	.44314942	.02258416
AB_CD15_08dpf_VAST02_plate03_AGRP_210908_B05	4.5333333	210908	3	8	16	NS075	11.474222	3	08-sep-2021 12:32:31	4582	821531.36	620	.26666667	3	3	B05	3879.3834	934959.72	0	0	1.267e+09	6186.0833	15654.711	3820.9503	1279610.6	0	0	1.241e+09	6061.3363	14259.976	3976.744	946234.74	0	0	1.282e+09	6259.356	15737.951	3822.7971	1289988.4	0	0	1.242e+09	6063.651	14248.473	9/8/2021 2:32	3879.3834	934959.72	1279610.6	1	4	AB	CD15	AGRP	1	0	0	2	1	8	-120.69823	-31044.145	-12583.206	-583.57143	-390.37033	-236701.42	-.3498982	-.3498982	-.50550022	-.64509145	-.42640697	-.25090599	-.18165198	-.65337661
AB_CD15_08dpf_VAST02_plate03_AGRP_210908_C01	4.5666667	210908	3	8	15	NS076	11.373943	3	08-sep-2021 12:34:31	4212	82736.41	108	.3	2	1	C01	4046.9674	946773.07	0	0	1.399e+09	6830.2223	16946.371	3886.2771	1308710.3	0	0	1.300e+09	6349.2809	14646.981	4048.5042	956223.75	0	0	1.393e+09	6800.3046	16814.336	3877.3785	1317353.5	0	0	1.320e+09	6446.1198	14745.925	9/8/2021 2:34	4046.9674	946773.07	1308710.3	1	4	AB	CD15	AGRP	1	0	0	2	1	8	46.885757	-67945.87	-64147.169	-953.57143	-792.15668	-891854.16	.31242575	.30003436	-.3498982	-1.1389668	-.20237619	-.9737339	-.57163753	-1.2127505
AB_CD15_08dpf_VAST02_plate03_AGRP_210908_C02	4.6	210908	3	8	16	NS077	17.992412	3	08-sep-2021 12:36:10	4903	611816.14	697	.33333333	2	3	C02	4020.874	989779.66	0	0	1.420e+09	6935.4148	16733.047	3754.6862	1319626.5	0	0	1.426e+09	6963.4436	15666.035	3869.1242	1044061.3	0	0	1.440e+09	7029.8893	16656.433	3757.9267	1307573.9	0	0	1.427e+09	6965.3885	15683.801	9/8/2021 2:36	4020.874	989779.66	1319626.5	1	4	AB	CD15	AGRP	1	0	0	2	1	8	20.792413	-22900.865	-40671.445	-262.57143	-313.37033	-446416.64	.17829594	.17829594	.01182399	-.42640697	-.1066151	-.58789351	.20465992	-.27439149
AB_CD15_08dpf_VAST02_plate03_AGRP_210908_C03	4.6166667	210908	3	8	17	NS078	17.491012	3	08-sep-2021 12:37:51	5542	219854.31	208	.35	2	2	C03	4260.3072	998781.74	0	0	1.609e+09	7854.9376	18623.314	4089.5867	1430731.8	0	0	1.530e+09	7470.489	16209.442	4212.0879	1049025.9	0	0	1.665e+09	8132.3198	18751.016	4107.3953	1420712.9	0	0	1.527e+09	7457.5124	16215.185	9/8/2021 2:37	4260.3072	998781.74	1430731.8	0	1	AB	CD15	AGRP	1	0	0	2	1	8	260.22556	-96232.776	-44813.162	376.42857	-773.33274	-818259.56	.9737339	.9737339	.1066151	-1.7229053	.58789351	-.61624043	.68159434	.34548507
AB_CD15_08dpf_VAST02_plate03_AGRP_210908_C04	4.65	210908	3	8	18	NS079	13.880938	3	08-sep-2021 12:39:34	4232	45833.593	36	.38333333	1	1	C04	3658.8553	903676.76	0	0	1.331e+09	6500.8988	16524.88	3612.394	1213396	1	43	1.298e+09	6339.3162	14822.739	3640.7256	904992.68	1	47	1.334e+09	6514.1294	16524.89	3669.6331	1235587.2	0	0	1.315e+09	6421.1901	14869.586	9/8/2021 2:39	3658.8553	903676.76	1235587.2	1	4	AB	CD15	AGRP	1	0	0	2	1	8	-341.22629	12987.47	49540.78	-933.57143	-873.48901	-935491.19	-1.5437805	-1.5437805	-1.0948442	.3248653	-.73512372	.61624043	-.51922535	-1.1669186
AB_CD15_08dpf_VAST02_plate03_AGRP_210908_C05	4.6833333	210908	3	8	16	NS080	13.479819	3	08-sep-2021 12:41:15	4058	468056.97	340	.41666667	2	2	C05	3861.9521	1018729.9	0	0	1.349e+09	6588.3782	15974.34	3794.6742	1266870.1	0	0	1.255e+09	6128.8378	14462.48	3927.7962	990198.36	0	0	1.343e+09	6555.6142	15970.596	3795.7892	1257688.6	0	0	1.255e+09	6126.4721	14532.818	9/8/2021 2:41	3861.9521	1018729.9	1266870.1	1	4	AB	CD15	AGRP	1	0	0	2	1	8	-138.12951	58476.441	-16933.434	-1107.5714	-670.37033	-590175.81	-.42640697	-.42640697	.22657438	1.0948442	-.50550022	-.3498982	-.78503605	-1.5669896
AB_CD15_08dpf_VAST02_plate03_AGRP_210908_D01	4.7166667	210908	3	8	15	NS081	27.819835	3	08-sep-2021 12:43:17	5825	1504407.3	1735	.45	4	4	D01	3986.8125	1072263.8	0	0	1.574e+09	7685.4522	17530.135	3923.0115	1471764.5	0	0	1.587e+09	7748.9009	16183.538	4187.2523	1095711.1	0	0	1.596e+09	7794.9939	17574.747	3932.6739	1439225.5	0	0	1.565e+09	7641.8196	16133.045	9/8/2021 2:43	3986.8125	1072263.8	1471764.5	1	4	AB	CD15	AGRP	1	0	0	2	1	8	-13.269099	77389.473	127861.54	659.42857	834.84332	529816.74	.05915307	.05915307	.61624043	1.3430824	.90036784	2.1930762	1.0230033	.72497321
AB_CD15_08dpf_VAST02_plate03_AGRP_210908_D02	4.75	210908	3	8	16	NS082	15.385136	3	08-sep-2021 12:45:54	5331	1521363.4	1556	.48333333	4	4	D02	3866.5958	973480.22	0	0	1.371e+09	6695.2192	16411.853	3751.2635	1317861.9	0	0	1.323e+09	6462.1308	15148.961	3872.4311	976231.69	0	0	1.357e+09	6625.398	16324.056	3757.4292	1344359.7	0	0	1.362e+09	6651.7485	15259.622	9/8/2021 2:45	3866.5958	973480.22	1317861.9	1	4	AB	CD15	AGRP	1	0	0	2	1	8	-133.48586	11694.903	31823.246	165.42857	545.62967	463130.61	-.37515234	-.37515234	-.1066151	.22657438	-.17829594	.3498982	.51922535	.13591068
AB_CD15_08dpf_VAST02_plate03_AGRP_210908_D03	4.7833333	210908	3	8	17	NS083	16.688774	3	08-sep-2021 12:47:33	5657	1069941.4	1358	.51666667	3	3	D03	4174.3904	1079082.6	0	0	1.490e+09	7273.5899	16862.645	3906.6363	1382222.3	0	0	1.471e+09	7185.006	15990.617	4022.2424	1135427.9	0	0	1.490e+09	7277.5282	16733.556	3986.9025	1369033.2	0	0	1.442e+09	7043.4536	15860.167	9/8/2021 2:47	4174.3904	1079082.6	1382222.3	0	1	AB	CD15	AGRP	1	0	0	2	1	8	174.30879	12411.405	-51968.11	491.42857	376.66726	31827.563	.73512372	.73512372	.76647079	.30003436	.30003436	-.67448975	.83200627	.51922535
AB_CD15_08dpf_VAST02_plate03_AGRP_210908_D04	4.8166667	210908	3	8	18	NS084	20.298848	3	08-sep-2021 12:49:16	5959	1095351.2	1531	.55	3	3	D04	4074.3509	1072742.3	0	0	1.552e+09	7579.0047	17424.223	3938.4189	1442335.8	0	0	1.527e+09	7458.4225	16128.171	4061.8236	1085363.2	0	0	1.558e+09	7606.9015	17428.113	3959.9188	1467278.4	0	0	1.561e+09	7621.4719	16244.975	9/8/2021 2:49	4074.3509	1072742.3	1442335.8	1	4	AB	CD15	AGRP	1	0	0	2	1	8	74.26926	44984.261	56297.737	793.42857	621.51099	114026.41	.47880765	.47880765	.64509145	.7985898	.64509145	.73512372	1.2127505	1.0041313
AB_CD15_08dpf_VAST02_plate03_AGRP_210908_D05	4.8333333	210908	3	8	18	NS085	18.393531	3	08-sep-2021 12:50:53	6140	1669722.5	1567	.56666667	4	4	D05	4299.328	1121072.4	0	0	1.520e+09	7421.7476	16744.096	4368.9597	1568484.5	0	0	1.489e+09	7270.9888	15271.712	4492.8402	1133394.2	0	0	1.520e+09	7424.0087	16757.503	4370.6399	1546801.8	0	0	1.461e+09	7134.3036	15177.11	9/8/2021 2:50	4299.328	1121072.4	1568484.5	0	1	AB	CD15	AGRP	1	0	0	2	1	8	299.24637	19096.134	74157.521	974.42857	657.51099	688397.67	1.0948442	1.0948442	1.052756	.3498982	1.4038035	.8654489	1.4941549	1.2612822
AB_CD15_08dpf_VAST02_plate03_AGRP_210908_E01	4.8666667	210908	3	8	15	NS086	11.674782	3	08-sep-2021 12:52:48	4349	1090374.7	679	.6	3	3	E01	3648.5785	915400.39	1	12	1.322e+09	6454.7124	16287.113	3709.764	1253322.1	1	7	1.305e+09	6371.4029	14449.118	3787.0452	914503.17	1	5	1.301e+09	6351.9491	16116.286	3757.0949	1238936.8	1	12	1.267e+09	6185.1483	14233.465	9/8/2021 2:52	3787.0452	914503.17	1253322.1	1	4	AB	CD15	AGRP	1	0	0	2	1	8	-213.03641	-14469.461	5573.7499	-816.57143	-221.15668	115784.12	-.83155464	-.83155464	-.93642074	-.13042977	-.64509145	-.0354786	-.36955819	-.96742157
AB_CD15_08dpf_VAST02_plate03_AGRP_210908_E02	4.9	210908	3	8	16	NS087	18.092691	3	08-sep-2021 12:54:44	6160	1044092.3	1571	.63333333	3	3	E02	3950.2701	1092570.8	0	0	1.666e+09	8137.1085	18279.553	3842.9479	1452324.8	0	0	1.623e+09	7926.7447	16726.033	3981.9861	1088593.1	0	0	1.663e+09	8117.9636	18275.108	3884.2025	1480647	0	0	1.646e+09	8038.7492	16749.724	9/8/2021 2:54	3950.2701	1092570.8	1452324.8	1	4	AB	CD15	AGRP	1	0	0	2	1	8	-49.811528	103181.97	126010.92	994.42857	560.62967	-14140.434	-.08286075	-.08286075	.8654489	1.6268282	.76647079	1.8381674	1.5669896	1.3129815
AB_CD15_08dpf_VAST02_plate03_AGRP_210908_E03	4.9333333	210908	3	8	17	NS088	14.282058									E03	4000.4532	913127.44	0	0	1.215e+09	5930.533	15238.052	3734.88	1292500.6	1	28	1.208e+09	5896.4218	14308.373	3673.0667	873530.27	1	87	1.187e+09	5795.9197	15254.597	3728.5888	1276590	1	42	1.171e+09	5717.6068	14085.216	9/8/2021 2:56	4000.4532	913127.44	1292500.6	1	4	AB	CD15	AGRP	1	0	0	2	1	8	.37161761	-96163.271	-57968.098				.1066151	.1066151	-1.0124546	-1.6268282	-.3498982	-.83155464		
AB_CD15_08dpf_VAST02_plate03_AGRP_210908_E04	4.9666667	210908	3	8	18	NS089	16.889333	3	08-sep-2021 12:58:12	5566	1558747.7	1372	.7	4	4	E04	3884.8493	1007395	0	0	1.445e+09	7056.7378	16799.644	3906.6363	1418679.2	0	0	1.484e+09	7245.9682	15486.816	4183.0933	1031171.3	0	0	1.480e+09	7227.909	16919.631	3921.1891	1396996.5	0	0	1.457e+09	7114.5261	15370.831	9/8/2021 2:58	3884.8493	1007395	1418679.2	1	4	AB	CD15	AGRP	1	0	0	2	1	8	-115.23235	42152.083	123854.49	400.42857	462.51099	577422.89	-.3248653	-.3248653	.15431865	.67448975	.40064808	1.7229053	.7697614	.39384742
AB_CD15_08dpf_VAST02_plate03_AGRP_210908_E05	5.0666667	210908	3	8	18	NS090	19.596889									E05	4588.5648	1245336.9	0	0	1.777e+09	8675.3864	18351.428	4533.7125	1722746	0	0	1.701e+09	8307.778	16711.261	4766.1058	1261785.9	0	0	1.812e+09	8848.1252	18459.426	4410.8274	1733243.4	1	53	1.717e+09	8385.0126	16719.753	9/8/2021 2:59	4588.5648	1245336.9	1722746	0	1	AB	CD15	AGRP	1	0	0	2	1	8	588.48316	47943.687	89199.799				2.1930762	2.1930762	2.1930762	.8654489	2.5959142	1.185426		
AB_CD15_08dpf_VAST02_plate03_AGRP_210908_F01	5.0166667	210908	3	8	15	NS091	19.496609	3	08-sep-2021 13:01:45	5556	668359.02	706	.75	3	3	F01	4255.1936	1103397.2	0	0	1.676e+09	8184.4018	18461.85	4245.1064	1503496.1	0	0	1.543e+09	7536.2573	15915.742	4239.4242	1112399.3	0	0	1.648e+09	8048.5807	18216.82	4184.5087	1524371.3	0	0	1.571e+09	7671.3899	15992.743	9/8/2021 3:01	4255.1936	1103397.2	1503496.1	0	1	AB	CD15	AGRP	1	0	0	2	1	8	255.11196	19986.067	30412.467	390.42857	-194.15668	-306231.55	.90036784	.90036784	.90036784	.42640697	1.052756	.3248653	.73973722	.36955819
AB_CD15_08dpf_VAST02_plate03_AGRP_210908_F02	5.05	210908	3	8	16	NS092	15.385136	3	08-sep-2021 13:03:41	5278	910615.69	965	.78333333	3	3																																		1	4	AB	CD15	AGRP	1	0	0	2	1	8				112.42857	-45.370333	-147617.09							.4682027	.04517984
AB_CD15_08dpf_VAST02_plate03_AGRP_210908_F03	5.0833333	210908	3	8	17	NS093	20.298848	3	08-sep-2021 13:05:20	5717	1265816.6	804	.81666667	3	4	F03	4344.8866	1105101.9	0	0	1.538e+09	7509.1162	17085.381	4147.48	1523205	0	0	1.493e+09	7288.6296	15321.478	4379.9328	1112100.2	0	0	1.521e+09	7426.3296	16939.837	4189.1517	1510823.4	0	0	1.476e+09	7208.7118	15270.819	9/8/2021 3:05	4344.8866	1105101.9	1523205	1	4	AB	CD15	AGRP	1	0	0	2	1	8	344.80498	-17814.679	6949.1224	551.42857	-177.33274	227702.74	1.2345954	1.2345954	.93642074	-.27538708	1.2345954	.05915307	.89765526	.57163753
AB_CD15_08dpf_VAST02_plate03_AGRP_210908_F04	5.1166667	210908	3	8	18	NS094	12.87814	3	08-sep-2021 13:07:11	4246	62322.371	83	.85	1	1	F04	3748.7912	893777.47	0	0	1.296e+09	6325.9162	16179.711	3659.0025	1235168.5	0	0	1.265e+09	6178.6039	14488.607	3740.629	902719.73	0	0	1.301e+09	6354.9337	16242.761	3646.1309	1239146.1	0	0	1.268e+09	6191.588	14444.63	9/8/2021 3:07	3748.7912	893777.47	1235168.5	1	4	AB	CD15	AGRP	1	0	0	2	1	8	-251.29039	-26580.978	5832.9656	-919.57143	-826.48901	-919002.42	-1.0124546	-1.0124546	-1.185426	-.56001135	-.76647079	-.01182399	-.4935534	-1.123415
AB_CD15_08dpf_VAST02_plate03_AGRP_210908_G01	5.1833333	210908	3	8	15	NS095	17.892132	3	08-sep-2021 13:11:01	6202	1517350	1142	.91666667	4	4																																		0	1	AB	CD15	AGRP	1	0	0	2	1	8				1036.4286	241.84332	542759.4							1.649237	1.3684503
AB_CD15_08dpf_VAST02_plate03_AGRP_210908_G02	5.2166667	210908	3	8	16	NS096	17.591292	3	08-sep-2021 13:13:08	4937	1362188.3	1169	.95	4	4	G02	3940.0664	1076032.1	0	0	1.661e+09	8112.3406	18478.554	3970.0036	1402200.3	0	0	1.484e+09	7244.1117	16286.42	3954.5454	1088443.6	0	0	1.658e+09	8097.21	18373.433	3970.949	1429415.9	0	0	1.517e+09	7407.0963	16413.216	9/8/2021 3:13	3940.0664	1076032.1	1402200.3	0	1	AB	CD15	AGRP	1	0	0	2	1	8	-60.015181	90009.375	80797.765	-228.57143	158.62967	303955.53	-.13042977	-.13042977	.67448975	1.5437805	.3498982	1.0124546	.25101592	-.25101592
AB_CD15_08dpf_VAST02_plate03_AGRP_210908_G04	5.2666667	210908	3	8	18	NS097	18.192971	3	08-sep-2021 13:16:19	4387	810130.98	741	1	3	3	G04	3839.2222	926137.08	1	7	1.259e+09	6149.4371	15478.601	3573.0153	1237531.1	0	0	1.246e+09	6084.1842	14273.373	3671.3279	915669.56	0	0	1.238e+09	6044.6604	15400.894	3620.9072	1232656.3	0	0	1.249e+09	6099.534	14326.424	9/8/2021 3:16	3839.2222	926137.08	1237531.1	1	4	AB	CD15	AGRP	1	0	0	2	1	8	-160.85942	-24053.835	-35331.768	-778.57143	-168.48901	-171193.81	-.64509145	-.64509145	-.64509145	-.47880765	-.70448293	-.53255794	-.34548507	-.89765526
AB_CD15_08dpf_VAST02_plate03_AGRP_210908_G05	5.3	210908	3	8	18	NS098	17.992412	3	08-sep-2021 13:18:13	5097	1220923.4	1224	1.0333333	3	4	G05	4113.2126	1110096.4	0	0	1.596e+09	7794.9889	17557.558	4042.468	1457558.6	0	0	1.507e+09	7356.933	16084.405	4098.5609	1115868.5	0	0	1.564e+09	7638.6719	17350.463	4025.3715	1473379.5	0	0	1.511e+09	7378.3279	15968.082	9/8/2021 3:18	4113.2126	1110096.4	1457558.6	0	1	AB	CD15	AGRP	1	0	0	2	1	8	113.131	69518.2	52815.079	-68.571428	314.51099	239598.62	.56001135	.56001135	.9737339	1.185426	.83155464	.64509145	.36955819	-.11315218
AB_CD15_08dpf_VAST02_plate03_AGRP_210908_H01	5.3166667	210908	3	8	15	NS099	21.803045	3	08-sep-2021 13:19:58	5825	1566935.5	1107	1.05	4	4	H01	4428.3572	1199519	1	9	1.713e+09	8363.8344	18032.823	4335.8497	1663679.2	0	0	1.646e+09	8037.1605	15723.213	4446.3662	1186240.2	0	0	1.670e+09	8155.0444	17793.39	4387.1681	1634818.7	0	0	1.583e+09	7729.0326	15394.013	9/8/2021 3:20	4428.3572	1199519	1663679.2	0	1	AB	CD15	AGRP	1	0	0	2	1	8	428.27563	58982.541	107246.19	659.42857	206.84332	592344.96	1.5437805	1.5437805	1.5437805	1.1389668	2.1930762	1.4038035	1.0230033	.72497321
AB_CD15_08dpf_VAST02_plate03_AGRP_210908_H02	5.3666667	210908	3	8	16	NS100	17.591292	3	08-sep-2021 13:22:01	5749	1710581.7	1845	1.1	4	4	H02	4127.3849	1054050.3	0	0	1.535e+09	7495.7773	17394.877	3949.9748	1450679.9	0	0	1.501e+09	7330.5727	15861.191	4168.7697	1060480.3	0	0	1.525e+09	7444.852	17284.572	3975.8753	1416765.1	0	0	1.475e+09	7201.4129	15795.205	9/8/2021 3:22	4127.3849	1054050.3	1450679.9	1	4	AB	CD15	AGRP	1	0	0	2	1	8	127.30324	6232.6687	39114.851	583.42857	834.62967	652348.91	.61624043	.61624043	.50550022	.13042977	.73512372	.452452	.93197131	.59843525
AB_CD15_08dpf_VAST02_plate03_AGRP_210908_H03	5.3833333	210908	3	8	17	NS101	15.184576	3	08-sep-2021 13:23:43	4185	18362.887	20	1.1166667	1	1	H03	4085.3063	1089071.7	0	0	1.457e+09	7115.2346	16329.958	3907.2755	1335925.9	0	0	1.399e+09	6831.3367	14875.529	4107.5555	1054977.4	0	0	1.436e+09	7009.8616	16316.562	3916.7285	1329794.9	0	0	1.401e+09	6839.7923	14922.411	9/8/2021 3:23	4085.3063	1089071.7	1335925.9	1	4	AB	CD15	AGRP	1	0	0	2	1	8	85.224708	51788.566	-55385.393	-980.57143	-961.33274	-1019751	.50550022	.50550022	.7985898	.9737339	.01182399	-.73512372	-.59843525	-1.2612822
AB_CD15_08dpf_VAST02_plate03_AGRP_210908_H04	5.45	210908	3	8	18	NS102	3.7526754	3	08-sep-2021 13:27:31	4129	14103.834	2	1.1833333	1	1																																		1	4	AB	CD15	AGRP	1	0	0	2	1	8				-1036.5714	-907.48901	-967220.95							-.65337661	-1.3129815
AB_CD15_08dpf_VAST02_plate04_AGRP_210908_A01	5.8	210908	4	8	15	NS103	14.193336	4	08-sep-2021 13:48:21	4753	324994.61	470	0	2	2	A01	4059.4815	937591.55	0	0	1.258e+09	6141.0562	15451.807	4009.3994	1357489	0	0	1.265e+09	6176.862	14184.736	4042.7418	953651.73	0	0	1.263e+09	6166.6147	15453.788	3997.7909	1358834.8	0	0	1.246e+09	6082.3614	14065.243	9/8/2021 3:48	4059.4815	937591.55	1357489	0	1	AB	CD15	AGRP	1	0	0	2	1	8	59.399907	-81255.709	-21391.955	-457.58824	-652.26835	-761856.17	.37515234	.37515234	-.452452	-1.3430824	.15431865	-.40064808	0	-.44314942
AB_CD15_08dpf_VAST02_plate04_AGRP_210908_A02	5.8166667	210908	4	8	16	NS104	17.549547	4	08-sep-2021 13:49:59	5965	1784967.2	1987	.01666667	4	4	A02	3957.3086	1026535.6	0	0	1.431e+09	6985.4112	16622.771	3858.5083	1421909.2	0	0	1.416e+09	6912.4748	15404.116	4113.1145	1044121.1	0	0	1.444e+09	7051.4049	16702.965	3910.466	1410365	0	0	1.405e+09	6858.2648	15366.772	9/8/2021 3:50	3957.3086	1026535.6	1421909.2	1	4	AB	CD15	AGRP	1	0	0	2	1	8	-42.773047	34824.869	92207.42	754.41176	754.518	614474.18	-.0354786	-.0354786	.30003436	.61624043	.452452	1.2345954	1.2612822	.89765526
AB_CD15_08dpf_VAST02_plate04_AGRP_210908_B01	5.9666667	210908	4	8	15	NS108	18.332663	4	08-sep-2021 13:58:12	4918	783106.19	864	.16666667	3	3	B01	3926.8062	955386.35	0	0	1.442e+09	7040.4902	17382.474	3975.8414	1362304.1	0	0	1.356e+09	6622.0188	15122.134	3981.4904	956253.66	0	0	1.439e+09	7024.7333	17360.066	3954.4508	1374895	0	0	1.363e+09	6653.6859	15134.202	9/8/2021 3:58	3926.8062	955386.35	1362304.1	0	1	AB	CD15	AGRP	1	0	0	2	1	8	-73.275394	-19692.357	47284.102	-292.58824	-258.26835	-303744.59	-.17829594	-.17829594	-.22657438	-.3248653	.17829594	.58789351	.22777673	-.29791798
AB_CD15_08dpf_VAST02_plate04_AGRP_210908_B02	5.9333333	210908	4	8	16	NS107	17.773295	4	08-sep-2021 13:56:32	4901	1944536.1	1608	.13333333	4	4	B02	4277.5729	1077647.1	0	0	1.426e+09	6963.2755	16339.119	3926.3111	1421490.5	0	0	1.395e+09	6812.8753	15324.258	4131.7845	1090537.1	0	0	1.452e+09	7087.8059	16520.369	3895.1361	1411471.6	0	0	1.364e+09	6661.9472	15132.866	9/8/2021 3:56	4277.5729	1077647.1	1421490.5			AB	CD15	AGRP	1	0	0	2	1	8	277.49129	-19716.402	-62365.059	-309.58824	375.518	774043.1	1.052756	1.052756	.70448293	-.3498982	.42640697	-.93642074	.18165198	-.32161055
AB_CD15_08dpf_VAST02_plate04_AGRP_210908_B03	5.9	210908	4	8	17	NS106	22.695737	4	08-sep-2021 13:54:54	6457	2007025.2	2178	.1	4	4	B03	4453.188	1229845	0	0	1.793e+09	8753.7516	18672.106	4363.0378	1625009.2	0	0	1.661e+09	8111.7629	16822.346	4449.1197	1229695.4	0	0	1.779e+09	8687.9284	18568.169	4272.494	1647469.5	0	0	1.693e+09	8265.4477	16862.217	9/8/2021 3:54	4453.188	1229845	1625009.2			AB	CD15	AGRP	1	0	0	2	1	8	453.10643	71200.555	56624.266	1246.4118	974.55559	856651.09	1.6268282	1.6268282	1.9847723	1.2345954	1.6268282	.76647079	2.0042336	1.5669896
AB_CD15_08dpf_VAST02_plate04_AGRP_210908_C01	6.05	210908	4	8	15	NS111	15.535821	4	08-sep-2021 14:03:56	4124	676533.5	697	.25	3	3	C01	3788.9401	909389.04	0	0	1.273e+09	6217.1851	15766.426	3639.715	1224222.4	0	0	1.240e+09	6056.0607	14675.77	3703.6521	896319.58	0	0	1.243e+09	6071.0681	15597.726	3632.057	1247639.8	0	0	1.244e+09	6074.9678	14516.835	9/8/2021 4:03	3788.9401	909389.04	1224222.4			AB	CD15	AGRP	1	0	0	2	1	8	-211.14154	-20208.698	-24438.043	-1086.5882	-425.26835	-410317.28	-.7985898	-.7985898	-1.052756	-.37515234	-.83155464	-.452452	-.68159434	-1.4941549
AB_CD15_08dpf_VAST02_plate04_AGRP_210908_C02	6.0833333	210908	4	8	18	NS112	13.857715	4	08-sep-2021 14:05:33	5371	816604.89	936	.28333333	3	3	C02	4043.3631	1009937.1	0	0	1.405e+09	6858.8837	16350.072	3915.9687	1377287.6	0	0	1.385e+09	6762.5664	14954.711	4015.1688	1014901.7	0	0	1.390e+09	6784.6822	16257.278	3926.6234	1372831.4	0	0	1.368e+09	6680.1035	14861.455	9/8/2021 4:05	4043.3631	1009937.1	1377287.6			AB	CD15	AGRP	1	0	0	2	1	8	43.281511	-7598.2964	6164.944	160.41176	-195.60068	-276980.11	.27538708	.27538708	.17829594	-.01182399	.27538708	.0354786	.54524419	.11315218
AB_CD15_08dpf_VAST02_plate04_AGRP_210908_C03	6.1166667	210908	4	8	17	NS113	25.156959	4	08-sep-2021 14:07:37	6915	1201456.9	1553	.31666667	3	4	C03	4670.3925	1286309.8	0	0	1.838e+09	8976.1793	18570.573	4259.0926	1649622.8	0	0	1.678e+09	8191.7418	16783.302	4713.1774	1302938.2	0	0	1.822e+09	8896.955	18449.165	4272.494	1673458.9	0	0	1.714e+09	8367.2672	16887.446	9/8/2021 4:07	4670.3925	1286309.8	1649622.8	0	1	AB	CD15	AGRP	1	0	0	2	1	8	670.31093	56011.319	-23309.768	1704.4118	349.55559	51082.778	2.5959142	2.5959142	2.5959142	1.0124546	1.8381674	-.42640697	2.6117121	2.2111272
AB_CD15_08dpf_VAST02_plate04_AGRP_210908_D01	6.2	210908	4	8	15	NS115	22.248243	4	08-sep-2021 14:12:25	6661	1379565.6	1433	.4	4	4	D01	4375.0854	1148168.3	0	0	1.809e+09	8835.2507	19387.82	4360.3877	1605838.6	0	0	1.646e+09	8036.4508	16384.931	4552.7631	1163361.2	0	0	1.846e+09	9014.2201	19550.274	4369.6168	1589987.8	0	0	1.609e+09	7858.729	16180.985	9/8/2021 4:12	4375.0854	1148168.3	1605838.6			AB	CD15	AGRP	1	0	0	2	1	8	375.00383	25205.786	75047.088	1450.4118	310.73165	292714.83	1.2869457	1.2869457	1.4701932	.50550022	1.5437805	.90036784	2.2111272	2.0042336
AB_CD15_08dpf_VAST02_plate04_AGRP_210908_D03	6.15	210908	4	8	18	NS114	14.528957	4	08-sep-2021 14:09:31	5496	1674245	1388	.35	4	4	D03	4120.8147	1028479.6	0	0	1.400e+09	6835.4755	16340.96	3986.1148	1424002.7	0	0	1.371e+09	6695.8592	15077.859	4222.1017	1048308.1	0	0	1.400e+09	6838.1799	16270.237	3964.9795	1442036.7	0	0	1.395e+09	6813.0372	15130.172	9/8/2021 4:09	4120.8147	1028479.6	1424002.7	0	1	AB	CD15	AGRP	1	0	0	2	1	8	120.73309	-14606.492	15600.034	285.41176	256.39932	580660.01	.58789351	.58789351	.3498982	-.20237619	.47880765	.1066151	.62566982	.25101592
AB_CD15_08dpf_VAST02_plate04_AGRP_210908_E01	6.2333333	210908	4	8	15	NS116	8.9352721	4	08-sep-2021 14:14:07	3021	8627.9482	4	.43333333	1	1	E01	3770.6506	847152.1	0	0	1.188e+09	5798.6925	15473.564	3571.2445	1004882.8	0	0	1.126e+09	5498.9318	14065.054	3705.7995	845028.69	0	0	1.183e+09	5774.9295	15455.776	3570.7587	1029915.2	0	0	1.126e+09	5499.3278	13922.703	9/8/2021 4:14	3770.6506	847152.1	1004882.8	0	1	AB	CD15	AGRP	1	0	0	2	1	8	-229.43104	-76412.073	-234974.3	-2189.5882	-1118.2683	-1078222.8	-.90036784	-.90036784	-1.9847723	-1.2345954	-2.5959142	-2.5959142	-2.0042336	-2.6117121
AB_CD15_08dpf_VAST02_plate04_AGRP_210908_E02	6.2666667	210908	4	8	18	NS117	16.990179	4	08-sep-2021 14:16:30	5811	1620586.4	1727	.46666667	4	4	E02	3981.434	1019986	0	0	1.431e+09	6988.595	16688.073	3979.6308	1375164.2	0	0	1.426e+09	6962.1163	15702.221	4183.8833	1058087.8	0	0	1.469e+09	7171.7306	16822.605	3998.3893	1362453.6	0	0	1.394e+09	6804.5741	15503.607	9/8/2021 4:16	3981.434	1019986	1375164.2	1	4	AB	CD15	AGRP	1	0	0	2	1	8	-18.647579	22880.458	33850.042	600.41176	595.39932	527001.38	.0354786	.0354786	.25090599	.452452	.22657438	.37515234	.96742157	.62566982
AB_CD15_08dpf_VAST02_plate04_AGRP_210908_E03	6.3	210908	4	8	18	NS118	13.186473	4	08-sep-2021 14:18:29	4641	227886.04	171	.5	2	2	E03	3675.3296	924940.8	0	0	1.347e+09	6576.445	16447.826	3668.2392	1277606.8	0	0	1.315e+09	6418.6438	14597.682	3686.4284	931400.76	0	0	1.349e+09	6584.75	16423.98	3664.1645	1291633.3	0	0	1.331e+09	6499.95	14667.515	9/8/2021 4:18	3675.3296	924940.8	1277606.8	1	4	AB	CD15	AGRP	1	0	0	2	1	8	-324.75204	28816.781	83630.834	-569.58824	-960.60068	-865698.96	-1.4038035	-1.4038035	-.67448975	.56001135	-.47880765	1.0948442	-.06779862	-.59843525
AB_CD15_08dpf_VAST02_plate04_AGRP_210908_F02	6.3666667	210908	4	8	18	NS120	15.535821	4	08-sep-2021 14:22:32	4871	1272235.1	1248	.56666667	3	4	F02	3858.0898	1003297.7	0	0	1.401e+09	6839.0676	16518.383	3782.466	1350341.2	0	0	1.363e+09	6654.9957	15314.563	3893.846	1000307	0	0	1.389e+09	6783.4632	16450.544	3796.321	1374237.1	0	0	1.400e+09	6834.4059	15432.773	9/8/2021 4:22	3858.0898	1003297.7	1350341.2			AB	CD15	AGRP	1	0	0	2	1	8	-141.99186	46882.548	68396.712	-339.58824	116.39932	178650.07	-.452452	-.452452	.13042977	.83155464	.08286075	.83155464	.13591068	-.36955819
AB_CD15_08dpf_VAST02_plate04_AGRP_210908_F03	6.3333333	210908	4	8	18	NS119	13.298346	4	08-sep-2021 14:20:35	4465	1312756.7	1285	.53333333	4	4	F03	3761.6295	944021.61	0	0	1.268e+09	6191.0377	15595.149	3612.8576	1252933.3	0	0	1.251e+09	6110.0789	14531.855	3764.9832	952874.15	0	0	1.272e+09	6211.9619	15603.497	3598.5871	1265823.4	0	0	1.270e+09	6201.3821	14642.539	9/8/2021 4:20	3761.6295	944021.61	1252933.3	0	1	AB	CD15	AGRP	1	0	0	2	1	8	-238.45211	19427.913	17418.37	-745.58824	153.39932	219171.66	-.93642074	-.93642074	-.37515234	.37515234	-.67448975	.13042977	-.29791798	-.83200627
AB_CD15_08dpf_VAST02_plate04_AGRP_210908_H01	5.8833333	210908	4	8	18	NS105	9.718388	4	08-sep-2021 13:53:01	4150	53462.035	73	.08333333	1	1	H01	3609.8928	850830.69	0	0	1.169e+09	5707.4379	15105.746	3537.419	1100197.1	0	0	1.116e+09	5447.0702	13385.927	3644.9619	829985.35	0	0	1.151e+09	5621.7477	15046.204	3545.7918	1084585.6	0	0	1.102e+09	5378.9299	13353.923	9/8/2021 3:53	3609.8928	850830.69	1100197.1	1	4	AB	CD15	AGRP	1	0	0	2	1	8	-390.18878	-23706.254	-62281.976	-1060.5882	-1058.6007	-1040123	-1.8381674	-1.8381674	-1.8381674	-.452452	-1.8381674	-.90036784	-.62566982	-1.3684503
AB_CD15_08dpf_VAST02_plate04_AGRP_210908_H02	6	210908	4	8	18	NS109	15.647694	4	08-sep-2021 14:00:12	6060	1736078.8	1914	.2	4	4	H02	4058.5347	1126814.6	1	9	1.631e+09	7963.4421	17691.82	3989.4522	1488871.5	1	6	1.640e+09	8008.0758	16529.794	3939.0568	1189111.3	1	12	1.626e+09	7937.4465	17451.112	4020.1599	1471315.9	1	8	1.614e+09	7878.6508	16391.033	9/8/2021 4:00	4058.5347	1126814.6	1488871.5	0	1	AB	CD15	AGRP	1	0	0	2	1	8	58.453104	104274.15	110446.22	849.41176	782.39932	642493.83	.3498982	.3498982	1.1389668	1.7229053	.93642074	1.4701932	1.3684503	1.0819398
AB_CD15_08dpf_VAST02_plate04_AGRP_210908_H03	6.4833333	210908	4	8	18	NS110	12.291483																																										0	1	AB	CD15	AGRP	1	0	0	2	1	8														
