filename	batch	tank	wtKITA1	nwtKITA1	wtKITA5	nwtKITA5	irs2_dich	index	wt_guide	Intestine_area	Food_fluo	Food_area	AutoFlo	AutoFloProb_1	AutoFloProb_2	tod	n	f_batch	Food_fluo_cat	Food_fluo_cat_all	Length_1_1	Area_1_1	Border_1_1	Border_size_1_1	BodyPigm_Total_1_1	BodyPigm_Average_1_1	BodyPigm_Stdev_1_1	Length_1_4	Area_1_4	Border_1_4	Border_size_1_4	BodyPigm_Total_1_4	BodyPigm_Average_1_4	BodyPigm_Stdev_1_4	Length_1_7	Area_1_7	Border_1_7	Border_size_1_7	BodyPigm_Total_1_7	BodyPigm_Average_1_7	BodyPigm_Stdev_1_7	Length_1_10	Area_1_10	Border_1_10	Border_size_1_10	BodyPigm_Total_1_10	BodyPigm_Average_1_10	BodyPigm_Stdev_1_10	Date	length	dorsal_area	lateral_area	qRNA	line	diet	Exp	date	overfeeding	cholesterol	glucose	VAST	plate	Imaged	age	length_Res	dorsal_area_Res	lateral_area_Res	Intestine_area_Res	Food_area_Res	Food_fluo_Res	intlength	intlength_Res	intdorsal_area	intdorsal_area_Res	intlateral_area	intlateral_area_Res	intIntestine_area	intIntestine_area_Res
ABs_CD15_08dpf_vast01_plate01_irs2_210706_1000_W_A02	15	29	.16332897	.83667103	1	0	0	AW009	k1	3752	10848.204	306	0	.00145639	.99854362	2	1	1	2	3	3774.4519	905082.4	0	0	1.269e+09	6195.149	15817.082	3713.539	1161716.3	0	0	1.231e+09	6010.5368	13874.125	3813.1347	924611.82	0	0	1.276e+09	6230.5241	15757.361	3708.0101	1178613.9	0	0	1.245e+09	6080.7352	13952.759	11/30/2021 11:23	3774.4519	905082.4	1161716.3	1	ABs	CD15	irs2	210706	1	0	0	1	1	1	8	-175.56021	-19107.08	-53883.892	-864.86111	-13.814539	-150.7138	-.76938184	-.76938184	-.88714656	-.35178434	-1.2581616	-.66143508	-.97765644	-.68050745
ABs_CD15_08dpf_vast01_plate01_irs2_210706_1000_W_A05	15	29	1	0	0	1	1	AW032	k1	6819	15740.046	513	0	.00048948	.99951053	2	3	1	4	4	4515.5486	1256671.8	0	0	1.912e+09	9334.8104	19142.821	4367.1453	1653540.6	0	0	1.909e+09	9321.3843	17030.251	4528.4849	1269741.2	0	0	1.901e+09	9284.24	18990.565	4362.3283	1661795	0	0	1.932e+09	9432.5446	17175.464	11/30/2021 11:24	4515.5486	1256671.8	1653540.6	5	ABs	CD15	irs2	210706	1	0	0	1	1	1	8	565.53649	15428.702	-5774.2478	2202.1389	193.18546	4741.1281	2.0368341	2.0368341	1.6866708	.2425767	1.6866708	-.28584087	1.0413569	1.6485657
ABs_CD15_08dpf_vast01_plate01_irs2_210706_1000_W_A06	15	29	1	0	1	0		AW039	k1	2924	3234.8056	76	0	.06747909	.93252099	2	4	1	1	1	3824.5491	949584.35	0	0	1.386e+09	6766.0614	16387.147	3625.9833	1251856.7	0	0	1.399e+09	6828.8988	14339.623	3845.7913	944230.96	0	0	1.383e+09	6751.7824	16440.817	3735.9408	1255415.6	0	0	1.405e+09	6858.8849	14346.915	11/30/2021 11:24	3824.5491	949584.35	1251856.7		ABs	CD15	irs2	210706	1	0	0	1	1	1	8	-125.46296	3962.4289	6261.904	-1692.8611	-243.81454	-7764.1126	-.46536979	-.46536979	-.22111871	.07317524	-.31863936	-.07317524	-1.7281046	-1.1834238
ABs_CD15_08dpf_vast01_plate01_irs2_210706_1000_W_B01	15	30	1	0				AW002	k1	5197	20756.13	618	0	.00037429	.99962568	2	5	1	4	4	3856.1242	978474.73	0	0	1.324e+09	6462.5243	15601.648	3850.4699	1320284.4	0	0	1.387e+09	6773.7973	14453.538	3840.188	988344.12	0	0	1.314e+09	6417.9752	15513.935	3840.188	1328927.6	0	0	1.404e+09	6855.5057	14517.204	11/30/2021 11:24	3856.1242	978474.73	1320284.4		ABs	CD15	irs2	210706	1	0	0	1	1	1	8	-93.664345	19344.472	55784.795	580.13889	284.00738	9482.4644	-.30767015	-.30767015	.01044447	.41929575	.11514104	.53642238	-.07661315	.37195861
ABs_CD15_08dpf_vast01_plate01_irs2_210706_1000_W_B02	15	30	.05242319	.94757681	1	0	0	AW010	k1	4138	818.18976	0	0	3.034e-06	.99999702	2	6	1	1	1	3705.287	786440.43	0	0	1.014e+09	4951.6717	13551.247	3550.4362	1024083.3	0	0	1.021e+09	4985.8153	12269.001	3716.4371	795921.02	0	0	1.027e+09	5014.3496	13606.74	3533.7647	1033833	0	0	1.029e+09	5025.7773	12305.869	11/30/2021 11:24	3705.287	786440.43	1024083.3	1	ABs	CD15	irs2	210706	1	0	0	1	1	1	8	-244.50153	-108159.16	-150106.06	-478.86111	-333.99262	-10455.476	-1.2133396	-1.2133396	-2.6382573	-2.0368341	-1.8931845	-1.5341205	-.60981444	-.39254375
ABs_CD15_08dpf_vast01_plate01_irs2_210706_1000_W_B03	15	30	0	1	1	0	0	AW018	k1	5198	18945.244	558	0	.00166075	.99833918	2	7	1	4	4	3929.509	992471.31	0	0	1.327e+09	6480.6594	15525.234	3927.0233	1400884.4	0	0	1.440e+09	7030.0512	14409.993	3934.4074	1005959.5	0	0	1.345e+09	6569.0652	15605.247	3922.3292	1415957.6	0	0	1.464e+09	7146.8195	14512.728	11/30/2021 11:24	3929.509	992471.31	1400884.4	1	ABs	CD15	irs2	210706	1	0	0	1	1	1	8	-20.279478	1945.7797	92447.261	581.13889	224.00738	7671.5788	.07317524	.07317524	.13619558	-.01044447	.63565701	1.2581616	-.05743526	.39254375
ABs_CD15_08dpf_vast01_plate01_irs2_210706_1000_W_B04	15	30	1	0	0	1	1	AW025	k1	4859	15937.056	444	0	.00325215	.99674785	2	8	1	4	4																																	5	ABs	CD15	irs2	210706	1	0	0	1	1	1	8				242.13889	110.00738	4663.3905							-.21205892	.15367931
ABs_CD15_08dpf_vast01_plate01_irs2_210706_1000_W_B05	15	30	.0412653	.9587347	1	0	0	AW033	k1	4621	6138.2873	180	0	.00659877	.99340123	2	9	1	1	2	3889.6693	1009159.5	0	0	1.402e+09	6847.5133	16236.044	3899.9703	1345944.8	0	0	1.482e+09	7236.1255	15081.481	3911.1351	1021929.9	0	0	1.420e+09	6935.6638	16304.619	3887.8005	1348068.2	0	0	1.488e+09	7265.8876	15140.304	11/30/2021 11:24	3889.6693	1009159.5	1345944.8	1	ABs	CD15	irs2	210706	1	0	0	1	1	1	8	-60.119172	35678.1	61360.791	4.1388889	-153.99262	-5135.3783	-.15731068	-.15731068	.32964705	.58531886	.30767015	.68766039	-.33124688	0
ABs_CD15_08dpf_vast01_plate01_irs2_210706_1000_W_B06	15	30	0	1	1	0	0	AW040	k1	3501	5521.4441	161	0	.07219481	.92780524	2	10	1	1	2	3610.7171	807704.47	0	0	1.035e+09	5052.8038	13695.619	3478.2325	983917.85	0	0	1.024e+09	5001.8848	12641.511	3557.0004	821372.07	0	0	1.037e+09	5065.1828	13601.877	3476.0306	991574.1	0	0	1.050e+09	5128.4061	12886.588	11/30/2021 11:24	3610.7171	807704.47	983917.85	1	ABs	CD15	irs2	210706	1	0	0	1	1	1	8	-339.07143	-46436.533	-133649.9	-1115.8611	-172.99262	-5752.2215	-1.8931845	-1.8931845	-2.0368341	-.82683016	-2.6382573	-1.4106992	-1.3080991	-.78046962
ABs_CD15_08dpf_vast01_plate01_irs2_210706_1000_W_C01	15	31			1	0		AW003	k1	3799	11677.336	256	0	.00561838	.99438161	2	11	1	3	3	3932.6511	914114.38	0	0	1.226e+09	5987.0414	15095.967	3752.2361	1212618.4	0	0	1.243e+09	6067.0539	13683.751	3824.7641	910106.81	0	0	1.217e+09	5944.4609	15041.24	3741.7801	1222996.2	0	0	1.259e+09	6147.8333	13749.85	11/30/2021 11:24	3932.6511	914114.38	1212618.4		ABs	CD15	irs2	210706	1	0	0	1	1	1	8	-17.13021	-77755.379	-97699.966	-817.86111	-73.792634	400.86518	.11514104	.11514104	-.68766039	-1.1708311	-.56070303	-1.0916204	-.88892051	-.60981444
ABs_CD15_08dpf_vast01_plate01_irs2_210706_1000_W_C02	15	31	.91123734	.08876266	0	1	1	AW011	k1	5491	16800.573	460	0	.00197034	.99802965	2	12	1	4	4	4020.9447	984545.9	0	0	1.412e+09	6895.7653	16514.728	3955.2713	1354139.4	0	0	1.452e+09	7090.3559	14953.475	3958.2758	988254.39	0	0	1.392e+09	6795.2134	16338.278	3961.7348	1358326.4	0	0	1.461e+09	7136.1875	14987.167	11/30/2021 11:24	4020.9447	984545.9	1354139.4	5	ABs	CD15	irs2	210706	1	0	0	1	1	1	8	71.163387	-45097.339	-9042.7415	874.13889	130.20737	5524.1019	.57296755	.56070303	.05224518	-.76938184	.39659429	-.35178434	.134345	.56434541
ABs_CD15_08dpf_vast01_plate01_irs2_210706_1000_W_C03	15	31	.60470588	.39529412	1	0		AW019	k1	4489	15308.3	492	0	.00251587	.99748409	2	13	1	4	4	3791.4217	927901.61	0	0	1.325e+09	6468.0177	16166.558	3826.6599	1247071.5	0	0	1.320e+09	6447.0537	14276.371	3806.8157	932686.77	0	0	1.331e+09	6497.7573	16161.356	3815.487	1250690.3	0	0	1.327e+09	6478.0957	14279.134	11/30/2021 11:24	3791.4217	927901.61	1247071.5		ABs	CD15	irs2	210706	1	0	0	1	1	1	8	-158.3596	-3547.8514	21311.025	-127.86111	162.20737	4031.8285	-.61029461	-.61029461	-.51245396	-.13619558	-.35178434	.11514104	-.45535347	-.07661315
ABs_CD15_08dpf_vast01_plate01_irs2_210706_1000_W_C04	15	31	0	1	1	0	0	AW026	k1	4012	13688.498	356	0	.00433485	.99566513	2	14	1	4	4	3837.3405	901613.16	0	0	1.248e+09	6093.545	15377.308	3659.3948	1204154.7	0	0	1.297e+09	6333.8427	14084.568	3908.1327	919647.22	0	0	1.259e+09	6146.8796	15364.646	3644.5516	1207085.6	0	0	1.298e+09	6337.7224	14073.363	11/30/2021 11:25	3837.3405	901613.16	1204154.7	1	ABs	CD15	irs2	210706	1	0	0	1	1	1	8	-112.44083	-49481.12	-49098.656	-604.86111	26.207366	2412.0271	-.44221541	-.44221541	-.9508773	-.88714656	-.63565701	-.63565701	-.68050745	-.43422903
ABs_CD15_08dpf_vast01_plate01_irs2_210706_1000_W_C05	15	31	0	1	1	0	0	AW034	k1	4271	5095.6837	113	0	.01138785	.98861212	2	15	1	1	2	3642.6843	905590.82	0	0	1.179e+09	5755.7696	14731.51	3621.506	1167428.6	0	0	1.215e+09	5932.4667	13648.607	3681.7849	914562.99	0	0	1.194e+09	5830.4268	14820.051	3626.4782	1172692.3	0	0	1.225e+09	5979.5097	13711.986	11/30/2021 11:25	3642.6843	905590.82	1167428.6	1	ABs	CD15	irs2	210706	1	0	0	1	1	1	8	-307.09705	37773.729	30721.227	-345.86111	-216.79263	-6180.7874	-1.7804643	-1.7804643	-.82683016	.66143508	-1.1708311	.26414698	-.56434541	-.27117097
ABs_CD15_08dpf_vast01_plate01_irs2_210706_1000_W_C06	15	31			1	0		AW041	k1	4708	16787.203	494	0	.00124737	.99875259	2	16	1	4	4																																		ABs	CD15	irs2	210706	1	0	0	1	1	1	8				91.138889	164.20737	5510.7321							-.27117097	.05743526
ABs_CD15_08dpf_vast01_plate01_irs2_210706_1000_W_D01	15	32	1	0	1	0		AW004	k1	3595	11099.277	277	0	.00150437	.99849558	2	17	1	3	3	4020.9447	915908.81	0	0	1.268e+09	6191.8246	15584.125	3833.9097	1205769.7	0	0	1.221e+09	5961.6983	13625.477	4026.0884	913964.84	0	0	1.249e+09	6100.7044	15417.437	3834.7209	1219676.5	0	0	1.235e+09	6028.4328	13679.002	11/30/2021 11:25	4020.9447	915908.81	1205769.7		ABs	CD15	irs2	210706	1	0	0	1	1	1	8	71.350164	-113734.42	-157412.49	-1021.8611	-39.453893	142.50272	.57296755	.58531886	-.63565701	-2.2414027	-.58531886	-1.7804643	-1.1834238	-.75477886
ABs_CD15_08dpf_vast01_plate01_irs2_210706_1000_W_D02	15	32	.96076755	.03923245	1	0		AW012	k1	3226	866.10986	3	1	.89574498	.10425497	2	18	1	1	1	3809.3289	843503.42	0	0	1.334e+09	6515.0047	16868.143	3648.5785	1082432.3	0	0	1.288e+09	6286.6427	14896.016	3782.0074	849903.56	0	0	1.330e+09	6494.3632	16756.18	3643.9976	1086918.3	0	0	1.297e+09	6334.9707	14976.161	11/30/2021 11:25	3809.3289	843503.42	1082432.3		ABs	CD15	irs2	210706	1	0	0	1	1	1	8	-140.26567	-95607.024	-154049.75	-1390.8611	-313.45389	-10090.665	-.51245396	-.51245396	-1.7804643	-1.6866708	-1.7804643	-1.6057296	-1.578269	-.94724991
ABs_CD15_08dpf_vast01_plate01_irs2_210706_1000_W_D03	15	32	.13271878	.86728122	.97832817	.02167183	0	AW020	k1	3269	5683.1191	168	0	.00530644	.99469358	2	19	1	1	2	3845.9351	860999.15	0	0	1.145e+09	5592.1811	14575.977	3687.5599	1149334.7	0	0	1.204e+09	5881.0247	13596.545	3702.6709	861088.87	0	0	1.134e+09	5536.6315	14460.517	3692.8683	1143801.9	0	0	1.186e+09	5792.3125	13422.874	11/30/2021 11:25	3845.9351	860999.15	1149334.7	1	ABs	CD15	irs2	210706	1	0	0	1	1	1	8	-103.6594	-93772.074	-109064.46	-1347.8611	-148.45389	-5273.6555	-.35178434	-.35178434	-1.6057296	-1.5341205	-1.4106992	-1.2581616	-1.5150056	-.88892051
ABs_CD15_08dpf_vast01_plate01_irs2_210706_1000_W_D04	15	32	.95548186	.04451814	0	1	1	AW027	k1	6172	8219.6243	201	0	.00225545	.99774456	2	20	1	2	2																																	5	ABs	CD15	irs2	210706	1	0	0	1	1	1	8				1555.1389	-115.45389	-2737.1503							.54204681	1.1095904
ABs_CD15_08dpf_vast01_plate01_irs2_210706_1000_W_D05	15	32	1	0	0	1	1	AW035	k1	4581	12406.711	401	0	.02216776	.97783226	2	21	1	3	3	3535.457	946234.74	0	0	1.297e+09	6332.3423	15470.499	3556.723	1244379.9	0	0	1.399e+09	6828.7219	14825.412	3568.681	953322.75	0	0	1.304e+09	6369.2837	15506.766	3558.7279	1249733.3	0	0	1.408e+09	6872.7393	14870.106	11/30/2021 11:25	3535.457	946234.74	1244379.9	5	ABs	CD15	irs2	210706	1	0	0	1	1	1	8	-414.13753	124291.26	171872.39	-35.861111	84.546107	1449.9368	-2.2414027	-2.2414027	-.26414698	1.8931845	-.37409541	2.6382573	-.39254375	-.05743526
ABs_CD15_08dpf_vast01_plate01_irs2_210706_1000_W_E01	15	29			1	0		AW005	k1	5765	24898.385	669	0	.00087455	.99912542	2	22	1	4	4	3937.5342	1005510.9	0	0	1.486e+09	7254.2146	17213.931	4048.072	1420712.9	0	0	1.574e+09	7686.8679	15654.582	3961.9273	1017623.3	0	0	1.486e+09	7255.7025	17140.711	4037.897	1429326.2	0	0	1.602e+09	7821.2285	15819.105	11/30/2021 11:25	3937.5342	1005510.9	1420712.9		ABs	CD15	irs2	210706	1	0	0	1	1	1	8	-12.47789	11552.04	107470.88	1148.1389	349.18546	13899.467	.15731068	.15731068	.30767015	.22111871	.71436744	1.6057296	.33124688	.75477886
ABs_CD15_08dpf_vast01_plate01_irs2_210706_1000_W_E02	15	29	.06374544	.93625456	1	0	0	AW013	k1	3929	12925.697	453	0	.00184755	.99815243	2	23	1	3	3	3717.1492	902809.45	0	0	1.226e+09	5985.6743	15216.761	3807.1339	1242764.9	0	0	1.305e+09	6371.7453	14178.425	3740.7689	912559.2	0	0	1.229e+09	6000.5982	15164.214	3802.5159	1257060.5	0	0	1.318e+09	6436.2784	14209.403	11/30/2021 11:25	3717.1492	902809.45	1242764.9	1	ABs	CD15	irs2	210706	1	0	0	1	1	1	8	-232.86283	3134.9878	61473.321	-687.86111	133.18546	1926.779	-1.0916204	-1.0916204	-.91854553	.05224518	-.39659429	.71436744	-.80668615	-.54204681
ABs_CD15_08dpf_vast01_plate01_irs2_210706_1000_W_E03	15	29	.94722101	.05277899	0	1	1	AW021	k1	4467	10247.851	341	0	.00583151	.99416852	2	24	1	2	3	3924.2997	946145.02	0	0	1.309e+09	6392.8512	15614.302	3981.8847	1329316.4	0	0	1.439e+09	7028.1561	14735.464	3968.9488	966003.42	0	0	1.316e+09	6426.8156	15543.979	3977.4396	1334939	0	0	1.441e+09	7034.8225	14739.943	11/30/2021 11:25	3924.2997	946145.02	1329316.4	5	ABs	CD15	irs2	210706	1	0	0	1	1	1	8	-25.712364	-42151.875	23998.235	-149.86111	21.185461	-751.06769	.03133798	.03133798	-.28584087	-.68766039	.17849616	.15731068	-.49823189	-.09581926
ABs_CD15_08dpf_vast01_plate01_irs2_210706_1000_W_E04	15	29	.91449814	.08550186	1	0		AW028	k1	3990	1027.4124	2	1	.99959451	.00040548	2	25	1	1	1	3689.3478	885941.77	0	0	1.384e+09	6759.2344	17082.638	3677.1519	1191085.2	0	0	1.281e+09	6256.359	13907.081	3662.0295	906607.67	0	0	1.401e+09	6842.1356	17129.113	3677.5423	1195092.8	0	0	1.288e+09	6291.2895	13978.436	11/30/2021 11:25	3689.3478	885941.77	1191085.2		ABs	CD15	irs2	210706	1	0	0	1	1	1	8	-260.66426	-1838.7684	26439.108	-626.86111	-317.81454	-9971.5058	-1.3563117	-1.3563117	-1.2581616	-.09413741	-.82683016	.17849616	-.72957689	-.49823189
ABs_CD15_08dpf_vast01_plate01_irs2_210706_1000_W_E05	15	29			1	0		AW036	k1	2698	1859.1395	40	0	.04916308	.95083684	2	26	1	1	1	3928.942	934541.02	0	0	1.247e+09	6086.8836	15113.545	3808.74	1199160.2	0	0	1.227e+09	5990.463	13396.931	3928.2416	933225.1	0	0	1.234e+09	6023.4262	15000.097	3812.7229	1202599.5	0	0	1.223e+09	5970.6582	13357.723	11/30/2021 11:25	3928.942	934541.02	1199160.2		ABs	CD15	irs2	210706	1	0	0	1	1	1	8	-21.070089	-55741.922	-108937.47	-1918.8611	-279.81454	-9139.7787	.05224518	.05224518	-.46536979	-.98423496	-.72791329	-1.2133396	-1.9313878	-1.3080991
ABs_CD15_08dpf_vast01_plate01_irs2_210706_1000_W_F01	15	30	.95397901	.04602099	0	1	1	AW006	k1	6197	26397.838	824	0	.00155048	.99844944	2	27	1	4	4	4228.1184	1164557.5	0	0	1.673e+09	8167.1644	17642.308	4152.6866	1615947.3	0	0	1.765e+09	8617.0091	16245.99	4200.2314	1166860.4	0	0	1.695e+09	8277.9026	17739.903	4151.9483	1594503.8	0	0	1.757e+09	8578.1303	16283.194	11/30/2021 11:25	4228.1184	1164557.5	1615947.3	5	ABs	CD15	irs2	210706	1	0	0	1	1	1	8	278.32985	46281.896	128724.63	1580.1389	490.00738	15124.173	1.1303392	1.1303392	1.2581616	.91854553	1.5341205	2.0368341	.56434541	1.1457264
ABs_CD15_08dpf_vast01_plate01_irs2_210706_1000_W_F03	15	30	.03949286	.96050714	1	0	0	AW022	k1	4316	6656.0348	165	0	.0057578	.99424213	2	29	1	1	2	3900.0815	993996.58	0	0	1.334e+09	6512.9615	15532.444	3836.4363	1310983.3	0	0	1.373e+09	6703.7819	14200.005	3960.7382	1011911	0	0	1.351e+09	6594.625	15565.066	3818.7542	1313615.1	0	0	1.386e+09	6768.1221	14284.88	11/30/2021 11:25	3900.0815	993996.58	1310983.3	1	ABs	CD15	irs2	210706	1	0	0	1	1	1	8	-49.706978	16060.625	20165.18	-300.86111	-168.99262	-4617.6308	-.11514104	-.11514104	.17849616	.30767015	.03133798	.09413741	-.54204681	-.1925285
ABs_CD15_08dpf_vast01_plate01_irs2_210706_1000_W_F04	15	30	.1838565	.8161435	1	0	0	AW029	k1	3793	6589.0709	201	0	.07138897	.92861104	2	30	1	1	2	3748.5878	935737.3	0	0	1.260e+09	6150.6672	15299.466	3726.3422	1214382.9	0	0	1.272e+09	6210.5487	13723.576	3776.7688	948268.43	0	0	1.269e+09	6197.6567	15282.279	3726.1616	1227093.5	0	0	1.283e+09	6265.7596	13773.586	11/30/2021 11:25	3748.5878	935737.3	1214382.9	1	ABs	CD15	irs2	210706	1	0	0	1	1	1	8	-201.20073	22612.908	14268.254	-823.86111	-132.99262	-4684.5946	-.88714656	-.88714656	-.41929575	.46536979	-.53642238	.03133798	-.91769489	-.63302463
ABs_CD15_08dpf_vast01_plate01_irs2_210706_1000_W_F06	15	30	1	0	0	1	1	AW042	k1	6088	10177.187	319	0	.00040845	.99959153	2	31	1	2	3	3980.1268	1072742.3	0	0	1.466e+09	7160.3739	16315.399	3950.4404	1396846.9	0	0	1.517e+09	7408.4012	15121.856	4049.7709	1076002.2	0	0	1.468e+09	7170.3721	16295.446	3963.0028	1408301.4	0	0	1.542e+09	7527.2476	15262.862	11/30/2021 11:26	3980.1268	1072742.3	1396846.9	5	ABs	CD15	irs2	210706	1	0	0	1	1	1	8	30.338281	60561.651	58103.56	1471.1389	-14.992621	-1096.4783	.32964705	.32964705	.76938184	1.1303392	.61029461	.61029461	.45535347	1.0413569
ABs_CD15_08dpf_vast01_plate01_irs2_210706_1000_W_G01	15	31	1	0	0	1	1	AW007	k1	5434	10937.415	316	0	.0139203	.98607975	2	32	1	3	3	3911.8424	884027.71	1	41	1.208e+09	5898.0081	15155.478	3682.6174	1172722.2	1	43	1.301e+09	6354.1318	14672.934	3948.8162	905501.1	0	0	1.217e+09	5940.8525	15124.988	3687.1098	1177477.4	1	19	1.310e+09	6397.9998	14744.003	11/30/2021 11:26	3948.8162	905501.1	1172722.2	5	ABs	CD15	irs2	210706	1	0	0	1	1	1	8	-.96510047	-93284.365	-147274.7	817.13889	-13.792634	-339.05601	.2425767	.2425767	-.85659877	-1.4696127	-1.1303392	-1.4696127	.09581926	.54204681
ABs_CD15_08dpf_vast01_plate01_irs2_210706_1000_W_G02	15	31	.11776892	.88223108	.98901267	.01098733	0	AW015	k1	5807	11759.563	357	0	.00570887	.99429119	2	33	1	3	3	3912.3584	956552.73	0	0	1.432e+09	6992.3353	17131.723	3768.5402	1300934.4	0	0	1.456e+09	7110.4173	15373.012	3818.4565	958496.7	0	0	1.429e+09	6977.638	17068.192	3773.8338	1317802.1	0	0	1.480e+09	7227.8368	15506.081	11/30/2021 11:26	3912.3584	956552.73	1300934.4	1	ABs	CD15	irs2	210706	1	0	0	1	1	1	8	-37.422878	-26635.482	2765.844	1190.1389	27.207366	483.09164	-.01044447	-.01044447	-.15731068	-.46536979	.01044447	-.13619558	.35152991	.78046962
ABs_CD15_08dpf_vast01_plate01_irs2_210706_1000_W_G04	15	31	.20845384	.79154616	1	0	0	AW030	k1	5416	23878.441	720	0	.0010234	.99897659	2	35	1	4	4	3911.3951	993398.44	0	0	1.480e+09	7224.8908	17220.482	3845.7913	1350759.9	0	0	1.512e+09	7380.6363	15431.982	3905.2389	1001892.1	0	0	1.487e+09	7260.5697	17206.484	3841.3054	1360808.7	0	0	1.537e+09	7502.9716	15570.194	11/30/2021 11:26	3911.3951	993398.44	1350759.9	1	ABs	CD15	irs2	210706	1	0	0	1	1	1	8	-38.386177	10622.337	53168.037	799.13889	390.20737	12601.97	-.03133798	-.03133798	.15731068	.17849616	.32964705	.48877641	.07661315	.52001455
ABs_CD15_08dpf_vast01_plate01_irs2_210706_1000_W_G05	15	31	.95851155	.04148845	0	1	1	AW037	k1	6570	12440.99	403	0	.00114321	.99885678	2	36	1	3	3	3964.9795	1073400.3	0	0	1.497e+09	7309.2214	16554.379	3868.8227	1413624.9	0	0	1.561e+09	7621.1693	15492.674	3895.6083	1079561.2	0	0	1.497e+09	7310.3271	16547.324	3886.05	1425199	0	0	1.588e+09	7755.134	15657.797	11/30/2021 11:26	3964.9795	1073400.3	1413624.9	5	ABs	CD15	irs2	210706	1	0	0	1	1	1	8	15.198219	67699.866	83950.596	1953.1389	73.207366	1164.5193	.30767015	.30767015	.85659877	1.2581616	.68766039	1.0916204	.83346922	1.4572834
ABs_CD15_08dpf_vast01_plate01_irs2_210706_1000_W_H01	15	32	.14379337	.85620663	1	0	0	AW008	k1	5190	12883.415	443	0	.00312096	.9968791	2	37	1	3	3	3992.4197	991992.8	0	0	1.477e+09	7212.3089	17255.018	3938.8707	1373908.1	0	0	1.523e+09	7438.7235	15374.514	4133.0908	999918.21	0	0	1.475e+09	7201.2423	17196.759	3918.2058	1377586.7	0	0	1.536e+09	7500.3108	15447.001	11/30/2021 11:26	3992.4197	991992.8	1373908.1	1	ABs	CD15	irs2	210706	1	0	0	1	1	1	8	42.8252	-25446.983	27804.605	573.13889	126.54611	1926.6402	.37409541	.37409541	.11514104	-.39659429	.51245396	.22111871	-.09581926	.33124688
ABs_CD15_08dpf_vast01_plate01_irs2_210706_1000_W_H02	15	32	.1329796	.8670204	1	0	0	AW016	k1	3330	3430.7125	88	0	.0387823	.96121764	2	38	1	1	1	3698.4926	909568.48	0	0	1.404e+09	6853.638	17091.608	3660.2283	1217822.3	0	0	1.374e+09	6710.3947	14792.001	3769.7185	919138.79	0	0	1.400e+09	6836.8899	16960.798	3659.0025	1223295.3	0	0	1.396e+09	6818.0276	14993.595	11/30/2021 11:26	3698.4926	909568.48	1217822.3	1	ABs	CD15	irs2	210706	1	0	0	1	1	1	8	-251.10191	17875.636	47700.92	-1286.8611	-228.45389	-7526.0621	-1.2581616	-1.2581616	-.74159404	.39659429	-.51245396	.44221541	-1.4040454	-.86086395
ABs_CD15_08dpf_vast01_plate01_irs2_210706_1000_W_H04	15	32	.1057196	.8942804	1	0	0	AW031	k1	4595	9465.9133	310	0	.00414761	.99585235	2	40	1	2	2	4023.1048	1072802.1	0	0	1.442e+09	7040.8239	16122.779	3812.1934	1272462.8	0	0	1.468e+09	7166.2284	15383.021	4040.2183	1083239.7	0	0	1.448e+09	7071.7987	16096.107	3796.5889	1264537.4	0	0	1.470e+09	7176.6587	15451.668	11/30/2021 11:26	4023.1048	1072802.1	1272462.8	1	ABs	CD15	irs2	210706	1	0	0	1	1	1	8	73.510283	42234.752	-92012.699	-21.861111	-6.4538934	-1490.8613	.61029461	.61029461	.79777685	.76938184	-.13619558	-1.0187254	-.35152991	-.03827848
ABs_CD15_08dpf_vast01_plate01_irs2_210706_1130_W_A07	15	29	.2420302	.7579698	1	0	0	AW043	k1	5553	8582.5049	191	0	.00016755	.99983239	3.5	42	2	2	2	3861.2512	927692.26	0	0	1.435e+09	7008.238	17269.449	3762.6947	1267408.4	0	0	1.475e+09	7203.5047	15805.986	3899.3568	937442.02	0	0	1.439e+09	7026.0917	17234.191	3752.4592	1278623.7	0	0	1.494e+09	7295.7903	15885.178	11/30/2021 11:26	3861.2512	927692.26	1267408.4	1	ABs	CD15	irs2	210706	1	0	0	1	1	1	8	-88.760865	-33631.431	-160.87687	85.242424	-79.772108	-1225.4469	-.26414698	-.26414698	-.53642238	-.63565701	-.22111871	-.17849616	.21205892	.03827848
ABs_CD15_08dpf_vast01_plate01_irs2_210706_1130_W_A08	15	29	1	0	1	0		AW051	k1	3904	7218.3209	278	0	.00055839	.99944156	3.5	43	2	2	2	3710.3323	887676.39	0	0	1.355e+09	6614.1584	16834.542	3713.539	1180079.3	0	0	1.307e+09	6381.9764	14712.645	3741.3005	894405.52	0	0	1.347e+09	6576.7463	16708.083	3708.6029	1201074.2	0	0	1.319e+09	6439.8992	14710.69	11/30/2021 11:26	3710.3323	887676.39	1180079.3		ABs	CD15	irs2	210706	1	0	0	1	1	1	8	-239.6798	-9081.6541	2869.2806	-1563.7576	7.2278919	-2589.6308	-1.1708311	-1.1708311	-1.1708311	-.17849616	-1.0544725	-.11514104	-.83346922	-1.1095904
ABs_CD15_08dpf_vast01_plate01_irs2_210706_1130_W_A09	15	29	.02443522	.97556478	.97001546	.02998454	0	AW059	k1	4487	11720.977	371	0	.00479257	.99520737	3.5	44	2	3	3	3798.6246	908043.21	0	0	1.303e+09	6359.9777	16034.156	3621.2417	1196049.8	0	0	1.327e+09	6480.7889	14651.599	3761.6295	918361.21	0	0	1.298e+09	6338.5915	15946.063	3617.0314	1209119.3	0	0	1.331e+09	6501.2449	14615.531	11/30/2021 11:26	3798.6246	908043.21	1196049.8	1	ABs	CD15	irs2	210706	1	0	0	1	1	1	8	-151.38746	-26487.775	-34023.281	-980.75758	100.22789	1913.0254	-.56070303	-.56070303	-.76938184	-.44221541	-.79777685	-.53642238	-.47668312	-.72957689
ABs_CD15_08dpf_vast01_plate01_irs2_210706_1130_W_A11	15	29	.12532705	.87467295	1	0	0	AW074	k1	4011	7433.5742	204	0	.0054475	.99455255	3.5	45	2	2	2	3711.4404	936694.34	0	0	1.253e+09	6116.3095	15158.367	3643.8294	1188812.3	0	0	1.238e+09	6044.0479	13722.368	3685.1625	940851.44	0	0	1.259e+09	6146.9306	15203.949	3645.1793	1200715.3	0	0	1.253e+09	6119.9377	13801.163	11/30/2021 11:26	3711.4404	936694.34	1188812.3	1	ABs	CD15	irs2	210706	1	0	0	1	1	1	8	-238.57164	39462.202	10938.707	-1456.7576	-66.772108	-2374.3775	-1.1303392	-1.1303392	-.39659429	.68766039	-.88714656	-.01044447	-.70483001	-1.0089949
ABs_CD15_08dpf_vast01_plate01_irs2_210706_1130_W_B07	15	30	0	1	1	0	0	AW044	k1	4566	11462.791	316	1	.7409541	.25904596	3.5	46	2	3	3	3910.2939	930563.35	0	0	1.287e+09	6283.1079	15688.385	3768.5402	1224940.2	0	0	1.299e+09	6344.9865	14354.316	3999.6345	946294.56	0	0	1.299e+09	6343.7077	15703.373	3774.0081	1230802	0	0	1.317e+09	6430.9904	14418	11/30/2021 11:26	3910.2939	930563.35	1224940.2	1	ABs	CD15	irs2	210706	1	0	0	1	1	1	8	-39.494591	-51741.632	-71992.344	-901.75758	31.04981	1380.092	-.05224518	-.05224518	-.48877641	-.91854553	-.46536979	-.82683016	-.41329661	-.70483001
ABs_CD15_08dpf_vast01_plate01_irs2_210706_1130_W_B09	15	30	0	1	1	0	0	AW060	k1	5247	11502.185	376	0	.01168368	.98831636	3.5	48	2	3	3	3647.8571	945307.62	0	0	1.312e+09	6406.6969	15764.555	3545.6104	1253023.1	0	0	1.380e+09	6735.9981	14820.543	3677.7496	956522.83	0	0	1.326e+09	6472.9173	15839.291	3541.5931	1262294.3	0	0	1.388e+09	6779.368	14833.841	11/30/2021 11:26	3647.8571	945307.62	1253023.1	1	ABs	CD15	irs2	210706	1	0	0	1	1	1	8	-301.93139	75277.486	113218.57	-220.75758	91.04981	1419.4861	-1.6866708	-1.6866708	-.30767015	1.3563117	-.28584087	1.7804643	.01913573	-.134345
ABs_CD15_08dpf_vast01_plate01_irs2_210706_1130_W_B10	15	30	0	1	1	0	0	AW067	k1	4214	16399.917	470	0	.01198346	.98801649	3.5	49	2	4	4	3697.5585	937442.02	0	0	1.308e+09	6388.9117	15810.312	3700.0449	1200356.4	0	0	1.336e+09	6522.2239	14582.39	3730.4732	942645.87	0	0	1.313e+09	6412.9748	15850.158	3673.9663	1207115.5	0	0	1.341e+09	6549.0325	14584.415	11/30/2021 11:26	3697.5585	937442.02	1200356.4	1	ABs	CD15	irs2	210706	1	0	0	1	1	1	8	-252.22998	46148.79	30794.364	-1253.7576	185.04981	6317.2178	-1.3056645	-1.3056645	-.37409541	.88714656	-.68766039	.28584087	-.58692823	-.83346922
ABs_CD15_08dpf_vast01_plate01_irs2_210706_1130_W_B11	15	30	.16581498	.83418502	1	0	0	AW075	k1	5253	10663.028	338	0	.00495545	.99504459	3.5	50	2	2	3	3839.7207	906159.06	0	0	1.342e+09	6550.6524	16512.583	3888.9311	1227512.2	0	0	1.345e+09	6566.052	14744.259	3836.4363	885822.14	0	0	1.321e+09	6448.1432	16448.043	3773.5802	1227003.8	0	0	1.349e+09	6584.5731	14766.563	11/30/2021 11:26	3839.7207	906159.06	1227512.2	1	ABs	CD15	irs2	210706	1	0	0	1	1	1	8	-110.06779	-45953.532	-27166.232	-214.75758	53.04981	580.32929	-.41929575	-.41929575	-.79777685	-.79777685	-.44221541	-.51245396	.03827848	-.11506078
ABs_CD15_08dpf_vast01_plate01_irs2_210706_1130_W_C07	15	31	0	1	1	0	0	AW045	k1	3643	9370.1489	253	0	.00509532	.99490464	3.5	51	2	2	2	3743.5381	838179.93	0	0	1.119e+09	5463.055	14461.398	3545.1169	1097655	0	0	1.152e+09	5626.3173	13385.992	3743.7578	852266.24	0	0	1.135e+09	5540.4627	14521.46	3535.457	1103875.7	0	0	1.152e+09	5623.2705	13378.665	11/30/2021 11:26	3743.5381	838179.93	1097655	1	ABs	CD15	irs2	210706	1	0	0	1	1	1	8	-206.24317	-72784.138	-99436.287	-1824.7576	-27.750203	-715.35571	-.91854553	-.91854553	-1.8931845	-1.1303392	-1.6057296	-1.1708311	-1.1457264	-1.2228826
ABs_CD15_08dpf_vast01_plate01_irs2_210706_1130_W_C08	15	31	1	0	0	1	1	AW053	k1	5819	7574.4352	173	0	.00312663	.99687344	3.5	52	2	2	2	3728.8575	877358.4	0	0	1.298e+09	6339.5951	16314.841	3768.9846	1221082.2	0	0	1.354e+09	6612.6431	14975.665	3743.1227	883220.21	0	0	1.290e+09	6297.5301	16189.698	3768.8616	1230263.7	0	0	1.358e+09	6629.2592	14935.362	11/30/2021 11:26	3728.8575	877358.4	1221082.2	5	ABs	CD15	irs2	210706	1	0	0	1	1	1	8	-220.92383	-27325.039	32780.547	351.24242	-107.7502	-2511.0694	-1.0544725	-1.0544725	-1.4106992	-.48877641	-.48877641	.30767015	.37195861	.1925285
ABs_CD15_08dpf_vast01_plate01_irs2_210706_1130_W_C09	15	31	.12727273	.87272727	1	0	0	AW061	k1	5122	10501.01	333	0	.00079873	.99920124	3.5	53	2	2	3	3784.944	962504.27	0	0	1.338e+09	6532.1064	15983.715	3636.9819	1287177.1	0	0	1.395e+09	6809.1587	14881.45	3813.1739	966182.86	0	0	1.341e+09	6548.8358	15988.228	3637.3108	1297973.6	0	0	1.425e+09	6960.3259	15062.582	11/30/2021 11:26	3784.944	962504.27	1287177.1	1	ABs	CD15	irs2	210706	1	0	0	1	1	1	8	-164.83734	33826.097	65295.016	-345.75758	52.249797	415.50526	-.66143508	-.66143508	-.13619558	.53642238	-.01044447	.76938184	-.11506078	-.25137174
ABs_CD15_08dpf_vast01_plate01_irs2_210706_1130_W_C11	15	31	.63406062	.36593938	1	0		AW076	k1	6166	11629.701	437	0	.003188	.99681205	3.5	55	2	3	3	3997.039	1026774.9	0	0	1.672e+09	8166.2156	18862.857	3921.6429	1378902.6	0	0	1.616e+09	7888.6491	16283.709	3998.0303	1031380.6	0	0	1.670e+09	8156.3169	18813.748	3911.3951	1381026	0	0	1.619e+09	7906.7843	16311.552	11/30/2021 11:26	3997.039	1026774.9	1378902.6		ABs	CD15	irs2	210706	1	0	0	1	1	1	8	47.2577	7358.918	30033.426	698.24242	156.2498	1544.1959	.44221541	.44221541	.44221541	.11514104	.56070303	.2425767	.52001455	.49823189
ABs_CD15_08dpf_vast01_plate01_irs2_210706_1130_W_C12	15	31	.87942297	.12057703	0	1		AW082	k1	5527	13376.419	423	0	.00034985	.99965012	3.5	56	2	4	3	4490.6963	1361466.7	0	0	1.908e+09	9315.2521	18200.704	4400.8048	1725078.7	0	0	1.931e+09	9429.0795	16713.771	4463.0663	1353780.5	0	0	1.911e+09	9329.0891	18294.627	4390.6025	1733542.5	0	0	1.964e+09	9589.0808	16940.956	11/30/2021 11:26	4490.6963	1361466.7	1725078.7		ABs	CD15	irs2	210706	1	0	0	1	1	1	8	540.91498	130855.84	80643.57	59.242424	142.2498	3290.9147	1.8931845	1.8931845	2.6382573	2.0368341	2.2414027	1.0187254	.1925285	.01913573
ABs_CD15_08dpf_vast01_plate01_irs2_210706_1130_W_D07	15	32	.46689895	.53310105	1	0	0	AW046	k1	4022	14444.767	418	0	.00708363	.99291635	3.5	57	2	4	4	3742.2237	891713.87	0	0	1.238e+09	6047.3275	15531.669	3703.6521	1180946.7	0	0	1.253e+09	6116.5871	14124.313	3768.6394	897037.35	0	0	1.243e+09	6066.9032	15551.699	3691.5521	1194704	0	0	1.278e+09	6240.5572	14256.536	11/30/2021 11:26	3742.2237	891713.87	1180946.7	1	ABs	CD15	irs2	210706	1	0	0	1	1	1	8	-207.37082	-18687.869	-15357.679	-1445.7576	150.58854	4678.9585	-.9508773	-.9508773	-1.0916204	-.32964705	-1.0187254	-.37409541	-.65658098	-.97765644
ABs_CD15_08dpf_vast01_plate01_irs2_210706_1130_W_D08	15	32	1	0	1	0		AW054	k1	6046	5588.3859	80	0	.00077765	.99922228	3.5	58	2	1	2																																		ABs	CD15	irs2	210706	1	0	0	1	1	1	8				578.24242	-187.41146	-4177.4222							.43422903	.35152991
ABs_CD15_08dpf_vast01_plate01_irs2_210706_1130_W_D10	15	32	.85737928	.14262072	.97027543	.02972457		AW069	k1	7330	8253.1551	138	0	.00019461	.99980539	3.5	60	2	2	2	3845.1885	1000396.7	0	0	1.693e+09	8267.6566	19209.752	3884.0601	1335267.9	0	0	1.623e+09	7926.9763	16664.039	3861.6965	999409.79	0	0	1.683e+09	8217.1434	19146.835	3873.7438	1350849.6	0	0	1.663e+09	8121.8185	16858.441	11/30/2021 11:26	3845.1885	1000396.7	1335267.9		ABs	CD15	irs2	210706	1	0	0	1	1	1	8	-104.40599	45944.917	77315.777	1862.2424	-129.41146	-1512.6531	-.37409541	-.37409541	.2425767	.82683016	.26414698	.88714656	1.5150056	1.4040454
ABs_CD15_08dpf_vast01_plate01_irs2_210706_1130_W_E07	15	29	1	0	0	1	1	AW047	k1	5562	6841.1895	154	0	.00420626	.9957937	3.5	62	2	1	2	3894.4451	974138.18	0	0	1.413e+09	6901.6908	16600.355	3692.2001	1285891.1	0	0	1.454e+09	7097.6934	15608.897	3811.0008	965764.16	0	0	1.371e+09	6693.2769	16357.477	3676.6272	1296328.7	0	0	1.480e+09	7226.7722	15719.859	11/30/2021 11:26	3894.4451	974138.18	1285891.1	5	ABs	CD15	irs2	210706	1	0	0	1	1	1	8	-55.567016	-1386.3917	-1552.2681	94.242424	-116.77211	-2966.7622	-.13619558	-.13619558	-.05224518	-.05224518	-.03133798	-.2425767	.23167057	.07661315
ABs_CD15_08dpf_vast01_plate01_irs2_210706_1130_W_E08	15	29	1	0	1	0		AW055	k1	6108	9840.1998	281	0	.00127994	.99872005	3.5	63	2	2	3	3777.4933	965285.64	0	0	1.476e+09	7206.7383	17500.884	3846.4133	1314482.4	0	0	1.506e+09	7353.1653	15784.212	3893.8306	976859.74	0	0	1.489e+09	7271.9575	17536.361	3847.801	1320254.5	0	0	1.510e+09	7373.6649	15774.898	11/30/2021 11:26	3777.4933	965285.64	1314482.4		ABs	CD15	irs2	210706	1	0	0	1	1	1	8	-172.51878	39794.99	97061.232	640.24242	10.227892	32.248082	-.74159404	-.74159404	-.09413741	.71436744	.07317524	1.4106992	.47668312	.45535347
ABs_CD15_08dpf_vast01_plate01_irs2_210706_1130_W_E10	15	29	0	1	1	0	0	AW070	k1	6587	8501.842	174	0	.0013259	.99867415	3.5	65	2	2	2	4028.8211	1050341.8	0	0	1.469e+09	7173.4937	16699.677	3808.3277	1330004.3	1	46	1.510e+09	7372.4049	15767.698	4019.3638	1044330.4	1	54	1.486e+09	7256.0412	16876.081	3809.7842	1327342.5	1	50	1.498e+09	7314.9987	15722.353	11/30/2021 11:26	4028.8211	1050341.8	1330004.3	1	ABs	CD15	irs2	210706	1	0	0	1	1	1	8	78.809041	17328.896	-37893.698	1119.2424	-96.772108	-1306.1097	.63565701	.63565701	.61029461	.37409541	.19976207	-.56070303	.86086395	.72957689
ABs_CD15_08dpf_vast01_plate01_irs2_210706_1130_W_F07	15	30	1	0	0	1	1	AW048	k1	8553	11911.576	332	0	.00014136	.99985862	3.5	67	2	3	3	4269.9172	1220842.9	0	0	1.808e+09	8826.9719	18527.149	4157.4155	1606526.5	0	0	1.812e+09	8849.3579	17012.393	4276.6884	1229157.1	0	0	1.804e+09	8807.8942	18481.298	4104.4198	1610773.3	0	0	1.839e+09	8978.4467	17150.707	11/30/2021 11:26	4269.9172	1220842.9	1606526.5	5	ABs	CD15	irs2	210706	1	0	0	1	1	1	8	320.1287	84685.048	94277.744	3085.2424	47.04981	1828.8765	1.1708311	1.1708311	1.5341205	1.5341205	1.4106992	1.3563117	1.9313878	2.2750861
ABs_CD15_08dpf_vast01_plate01_irs2_210706_1130_W_F08	15	30	0	1	1	0	0	AW056	k1	7090	4783.7017	52	0	.00019583	.9998042	3.5	68	2	1	2	3914.8382	1027761.8	0	0	1.572e+09	7677.598	17809.804	4031.0957	1421550.3	0	0	1.600e+09	7813.6931	16179.386	4034.2661	1038079.8	0	0	1.567e+09	7649.7012	17683.498	4021.0191	1436145	0	0	1.632e+09	7969.8071	16315.529	11/30/2021 11:26	3914.8382	1027761.8	1421550.3	1	ABs	CD15	irs2	210706	1	0	0	1	1	1	8	-34.950299	43512.729	121896.97	1622.2424	-232.95019	-5298.9974	.01044447	.01044447	.46536979	.79777685	.74159404	1.8931845	1.3080991	1.2228826
ABs_CD15_08dpf_vast01_plate01_irs2_210706_1130_W_F09	15	30	.12675358	.87324642	.97750194	.02249806	0	AW064	k1	3529	6133.7819	195	0	.00994782	.99005216	3.5	69	2	1	2																																	1	ABs	CD15	irs2	210706	1	0	0	1	1	1	8				-1938.7576	-89.95019	-3948.9172							-1.2643432	-1.4040454
ABs_CD15_08dpf_vast01_plate01_irs2_210706_1130_W_F10	15	30	.03992615	.96007385	1	0	0	AW071	k1	3949	11569.733	383	0	.0004066	.99959344	3.5	70	2	3	3	3785.5168	1159293.8	0	0	1.369e+09	6684.6544	15167.231	3801.1747	1199160.2	0	0	1.359e+09	6636.0351	14964.494	3819.2593	1157708.7	1	44	1.378e+09	6726.4916	15228.869	3750.1791	1202749	1	59	1.366e+09	6670.5697	15047.442	11/30/2021 11:26	3785.5168	1159293.8	1199160.2	1	ABs	CD15	irs2	210706	1	0	0	1	1	1	8	-164.27173	230370.58	-23064.917	-1518.7576	98.04981	1487.0343	-.63565701	-.63565701	1.1708311	2.6382573	-.72791329	-.48877641	-.78046962	-1.0413569
ABs_CD15_08dpf_vast01_plate01_irs2_210706_1130_W_F11	15	30	.06045416	.93954584	1	0	0	AW079	k1	5656	7869.9926	146	0	.00125888	.99874109	3.5	71	2	2	2	4093.0954	998093.87	0	0	1.377e+09	6722.3391	16052.529	3905.5491	1324740.6	0	0	1.431e+09	6989.2026	15071.517	4093.49	1021062.6	0	0	1.399e+09	6831.1362	16130.81	3917.6447	1335537.1	0	0	1.455e+09	7104.9288	15225.514	11/30/2021 11:26	4093.0954	998093.87	1324740.6	1	ABs	CD15	irs2	210706	1	0	0	1	1	1	8	143.30691	-62416.657	-81640.147	188.24242	-138.95019	-2212.7065	.71436744	.71436744	.22111871	-1.0187254	.15731068	-.91854553	.25137174	.134345
ABs_CD15_08dpf_vast01_plate01_irs2_210706_1130_W_G07	15	31	0	1	1	0	0	AW049	k1	5222	6971.2904	171	0	.01084988	.98915011	3.5	72	2	1	2	3939.8729	950122.68	0	0	1.308e+09	6388.7834	15771.147	3730.4732	1267378.5	0	0	1.355e+09	6618.2635	14749.209	3737.4415	941599.12	0	0	1.289e+09	6295.3623	15691.465	3730.9863	1278205	0	0	1.377e+09	6724.8443	14815.938	11/30/2021 11:26	3939.8729	950122.68	1267378.5	1	ABs	CD15	irs2	210706	1	0	0	1	1	1	8	-9.9084302	-44836.677	-47263.71	-245.75758	-109.7502	-3114.2142	.19976207	.19976207	-.19976207	-.74159404	-.2425767	-.61029461	-.01913573	-.17307125
ABs_CD15_08dpf_vast01_plate01_irs2_210706_1130_W_G08	15	31	.95680829	.04319171	0	1	1	AW057	k1	6987	17779.131	473	0	.00150247	.99849749	3.5	73	2	4	4	4413.5557	1195990	1	4	1.713e+09	8363.5169	17860.234	4221.5243	1584694.2	1	37	1.766e+09	8622.1389	16609.134	4245.0219	1189260.9	1	50	1.713e+09	8362.3452	17836.578	4251.08	1575752	1	6	1.736e+09	8476.2162	16460.145	11/30/2021 11:27	4413.5557	1195990	1575752	5	ABs	CD15	irs2	210706	1	0	0	1	1	1	8	463.77439	-1618.8046	-22497.048	1519.2424	192.2498	7693.6265	1.6866708	1.6866708	1.4106992	-.07317524	1.3563117	-.46536979	1.2228826	1.0748481
ABs_CD15_08dpf_vast01_plate01_irs2_210706_1130_W_G09	15	31	.05188767	.94811233	.89959156	.10040844		AW065	k1	5464	7717.0453	174	0	.0082559	.9917441	3.5	74	2	2	2	3797.3962	944888.92	0	0	1.330e+09	6495.9793	16068.678	3921.8412	1271625.4	0	0	1.376e+09	6717.0511	14832.985	3853.8588	954040.53	0	0	1.334e+09	6511.4798	16037.217	3879.5646	1279431.2	0	0	1.397e+09	6822.2361	14931.848	11/30/2021 11:27	3797.3962	944888.92	1271625.4		ABs	CD15	irs2	210706	1	0	0	1	1	1	8	-152.38511	10883.464	42287.765	-3.7575758	-106.7502	-2368.4593	-.58531886	-.58531886	-.32964705	.19976207	-.15731068	.39659429	.11506078	-.01913573
ABs_CD15_08dpf_vast01_plate01_irs2_210706_1130_W_G11	15	31	.90098966	.09901034	0	1	1	AW080	k1	5098	8703.878	306	0	.00250423	.99749571	3.5	76	2	2	2	3770.6506	976441.04	0	0	1.327e+09	6479.2001	15524.925	3683.2143	1270219.7	0	0	1.383e+09	6754.9475	14451.451	3790.9839	998901.37	0	0	1.347e+09	6574.9982	15539.793	3680.7978	1268335.6	0	0	1.387e+09	6770.6721	14480.084	11/30/2021 11:27	3770.6506	976441.04	1270219.7	5	ABs	CD15	irs2	210706	1	0	0	1	1	1	8	-179.13073	53877.812	56895.454	-369.75758	25.249797	-1381.6266	-.79777685	-.79777685	-.03133798	1.0544725	-.17849616	.56070303	-.134345	-.31109922
ABs_CD15_08dpf_vast01_plate01_irs2_210706_1130_W_H07	15	32	1	0	0	1	1	AW050	k1	6665	14638.01	380	0	.0005991	.99940085	3.5	77	2	4	4	3822.7228	965195.92	0	0	1.448e+09	7069.7293	17063.323	3812.111	1323125.6	0	0	1.488e+09	7264.6225	15743.582	3937.519	976770.02	0	0	1.446e+09	7062.8675	16983.136	3829.0038	1348008.4	0	0	1.519e+09	7418.397	15862.506	11/30/2021 11:27	3822.7228	965195.92	1323125.6	5	ABs	CD15	irs2	210706	1	0	0	1	1	1	8	-126.87178	20355.349	78624.316	1197.2424	112.58854	4872.2017	-.48877641	-.48877641	-.11514104	.44221541	.13619558	.9508773	.97765644	.80668615
ABs_CD15_08dpf_vast01_plate01_irs2_210706_1130_W_H08	15	32	.32864949	.67135051	1	0	0	AW058	k1	4854	10580.501	314	0	.00063247	.99936754	3.5	78	2	2	3	4030.6505	947819.82	0	0	1.413e+09	6900.2577	16932.567	3835.3136	1276859.1	0	0	1.370e+09	6687.4485	14841.105	3987.4539	954429.32	0	0	1.403e+09	6850.9012	16786.052	3840.3243	1280448	0	0	1.389e+09	6783.8019	14939.81	11/30/2021 11:27	4030.6505	947819.82	1276859.1	1	ABs	CD15	irs2	210706	1	0	0	1	1	1	8	81.056015	-85975.739	-92134.171	-613.75758	46.588537	814.69249	.66143508	.66143508	-.2425767	-1.3056645	-.11514104	-1.0544725	-.23167057	-.45535347
ABs_CD15_08dpf_vast01_plate01_irs2_210706_1130_W_H09	15	32	.90473223	.09526777	0	1	1	AW066	k1	6153	9100.3936	223	0	.00225065	.99774939	3.5	79	2	2	2	3778.0158	934660.64	0	0	1.318e+09	6435.2761	15983.51	3720.6957	1251856.7	0	0	1.399e+09	6833.4086	15255.437	3785.2324	944171.14	0	0	1.333e+09	6508.8501	16043.73	3744.4647	1270548.7	0	0	1.448e+09	7069.5675	15510.725	11/30/2021 11:27	3778.0158	934660.64	1251856.7	5	ABs	CD15	irs2	210706	1	0	0	1	1	1	8	-171.57874	8946.4557	34122.664	685.24242	-44.411463	-665.41453	-.71436744	-.71436744	-.44221541	.13619558	-.31863936	.32964705	.49823189	.47668312
ABs_CD15_08dpf_vast01_plate01_irs2_210706_1130_W_H10	15	32	.0181777	.9818223	1	0	0	AW073	k1	6812	13896.769	440	0	.00117899	.99882096	3.5	80	2	4	4	3948.4413	1034191.9	0	0	1.474e+09	7198.4906	16731.032	3911.5366	1425079.3	0	0	1.554e+09	7586.0346	15618.999	4031.4184	1056263.4	0	0	1.498e+09	7316.6037	16782.028	3919.0606	1446702.3	0	0	1.598e+09	7802.2417	15811.215	11/30/2021 11:27	3948.4413	1034191.9	1425079.3	1	ABs	CD15	irs2	210706	1	0	0	1	1	1	8	-1.1532404	35566.827	105306.95	1344.2424	172.58854	4130.9611	.22111871	.22111871	.48877641	.56070303	.76938184	1.5341205	1.0089949	.88892051
ABs_CD15_08dpf_vast01_plate01_irs2_210706_1130_W_H11	15	32	.30921805	.69078195	1	0	0	AW081	k1	5237	5735.6059	129	0	.00359662	.99640334	3.5	81	2	1	2	3887.8005	988523.56	0	0	1.517e+09	7405.8873	17699.871	3878.0996	1319088.1	0	0	1.414e+09	6903.348	14720.206	3863.7599	994355.47	0	0	1.502e+09	7332.3594	17554.024	3861.8088	1340741	0	0	1.432e+09	6991.0055	14717.563	11/30/2021 11:27	3887.8005	988523.56	1319088.1	1	ABs	CD15	irs2	210706	1	0	0	1	1	1	8	-61.794034	15841.638	35623.031	-230.75758	-138.41146	-4030.2022	-.19976207	-.19976207	.07317524	.28584087	.09413741	.37409541	0	-.15367931
ABs_CD15_08dpf_vast01_plate02_irs2_210706_1300_W_A01	15	29	.89811665	.10188335	1	0		AW083	k1	7294	6944.8396	147	0	.00305985	.99694014	5	82	3	1	2	4000.3822	1073280.6	0	0	1.750e+09	8545.751	19244.959	3905.3347	1428877.6	0	0	1.647e+09	8043.8754	16542.968	4008.5154	1072861.9	0	0	1.729e+09	8441.7152	19120.406	3911.2613	1443442.4	0	0	1.669e+09	8147.0719	16600.146	11/30/2021 11:27	4000.3822	1073280.6	1428877.6		ABs	CD15	irs2	210706	1	0	0	1	2	1	8	50.370145	52434.374	78006.731	2037.4872	-189.64217	-4000.8416	.46536979	.46536979	.82683016	.98423496	.79777685	.91854553	1.4040454	1.5150056
ABs_CD15_08dpf_vast01_plate02_irs2_210706_1300_W_A02	15	29	.9210732	.0789268	.13525665	.86474335	1	AW090	k1	5737	12643.162	408	0	.00143109	.99856889	5	83	3	3	3	3859.6979	1001712.6	0	0	1.402e+09	6845.4028	16273.565	3790.617	1353660.9	0	0	1.462e+09	7137.1611	15294.169	3917.5493	1025429.1	0	0	1.431e+09	6988.1343	16413.966	3803.6483	1367717.3	0	0	1.487e+09	7261.9854	15411.62	11/30/2021 11:27	3859.6979	1001712.6	1353660.9	5	ABs	CD15	irs2	210706	1	0	0	1	2	1	8	-90.314145	41053.474	87021.556	480.48718	71.357829	1697.481	-.28584087	-.28584087	.26414698	.74159404	.37409541	1.1303392	.29107708	.27117097
ABs_CD15_08dpf_vast01_plate02_irs2_210706_1300_W_A03	15	29	.9572745	.0427255	0	1	1	AW098	k1	6281	14745.536	498	0	.00478494	.99521506	5	84	3	4	4																																	5	ABs	CD15	irs2	210706	1	0	0	1	2	1	8				1024.4872	161.35783	3799.8552							.63302463	.65658098
ABs_CD15_08dpf_vast01_plate02_irs2_210706_1300_W_A04	15	29	.87581313	.12418687	0	1		AW106	k1	6511	12876.089	465	0	.0030088	.99699116	5	85	3	3	3	4189.8656	1089849.2	0	0	1.584e+09	7736.7012	17523.759	4093.49	1473050.5	0	0	1.591e+09	7768.6696	15859.405	4158.1528	1099389.6	0	0	1.586e+09	7745.2191	17471.069	4104.0263	1480497.4	0	0	1.619e+09	7906.9125	16015.966	11/30/2021 11:27	4189.8656	1089849.2	1473050.5		ABs	CD15	irs2	210706	1	0	0	1	2	1	8	239.85353	-12061.186	8730.862	1254.4872	128.35783	1930.4074	1.0187254	1.0187254	.9508773	-.26414698	1.0187254	-.05224518	.80668615	.86086395
ABs_CD15_08dpf_vast01_plate02_irs2_210706_1300_W_A05	15	29	0	1				AW114	k1	4081	14911.399	531	0	.0001516	.99984837	5	86	3	4	4	3878.3309	1016606.4	0	0	1.426e+09	6962.191	16390.484	3792.309	1330692.1	0	0	1.457e+09	7113.0208	15118.189	3801.033	1015141	0	0	1.420e+09	6935.685	16385.028	3772.2881	1340112.9	0	0	1.472e+09	7185.4704	15175.171	11/30/2021 11:27	3878.3309	1016606.4	1330692.1		ABs	CD15	irs2	210706	1	0	0	1	2	1	8	-71.681139	47975.761	52896.719	-1175.5128	194.35783	3965.718	-.22111871	-.22111871	.41929575	.9508773	.22111871	.46536979	-.63302463	-.80668615
ABs_CD15_08dpf_vast01_plate02_irs2_210706_1300_W_A06	15	32	.24617997	.75382003	1	0	0	AW122	k1	4902	18387.276	594	0	.00006544	.99993455	5	87	3	4	4	3994.7188	990317.99	0	0	1.578e+09	7706.1224	18234.861	3976.8681	1344449.5	0	0	1.545e+09	7544.5361	15828.937	3937.5342	993906.86	0	0	1.587e+09	7749.6106	18258.791	3962.1273	1354318.8	0	0	1.567e+09	7650.5964	15947.106	11/30/2021 11:27	3994.7188	990317.99	1344449.5	1	ABs	CD15	irs2	210706	1	0	0	1	2	1	8	45.124276	-28105.371	-3030.5324	-354.51282	260.71847	7483.7382	.40791874	.41929575	.09413741	-.51245396	.28584087	-.26414698	-.1925285	-.29107708
ABs_CD15_08dpf_vast01_plate02_irs2_210706_1300_W_B01	15	30	.92152035	.07847965	0	1	1	AW084	k1	7653	15939.588	522	0	.00002104	.9999789	5	88	3	4	4																																	5	ABs	CD15	irs2	210706	1	0	0	1	2	1	8				2396.4872	171.17975	4719.1599							1.7281046	1.8203725
ABs_CD15_08dpf_vast01_plate02_irs2_210706_1300_W_B02	15	30	.04875584	.95124416	1	0	0	AW091	k1	3708	10530.224	340	0	.0114589	.98854113	5	89	3	2	3	3594.1713	864139.4	0	0	1.202e+09	5867.8837	15352.366	3682.0936	1153970.3	0	0	1.199e+09	5853.5312	13734.903	3604.9683	874995.73	0	0	1.208e+09	5896.4367	15321.744	3681.9352	1158934.9	0	0	1.211e+09	5913.8098	13803.59	11/30/2021 11:27	3594.1713	864139.4	1153970.3	1	ABs	CD15	irs2	210706	1	0	0	1	2	1	8	-355.61717	17076.948	46308.97	-1548.5128	-10.820253	-690.20487	-2.0368341	-2.0368341	-1.4696127	.35178434	-1.3056645	.41929575	-1.0413569	-1.0748481
ABs_CD15_08dpf_vast01_plate02_irs2_210706_1300_W_B03	15	30	.1268151	.8731849	1	0	0	AW099	k1	4638	8898.9545	303	0	.00197018	.99802977	5	90	3	2	2	3751.8853	943004.76	0	0	1.328e+09	6485.1045	16102.718	3823.7866	1283648.1	0	0	1.351e+09	6596.8089	14601.533	3773.8338	964388.43	0	0	1.344e+09	6562.5433	16124.877	3823.5363	1288642.6	0	0	1.356e+09	6623.0722	14591.749	11/30/2021 11:27	3751.8853	943004.76	1283648.1	1	ABs	CD15	irs2	210706	1	0	0	1	2	1	8	-197.90316	28469.612	81559.05	-618.51282	-47.820253	-2321.474	-.82683016	-.82683016	-.35178434	.51245396	-.05224518	1.0544725	-.31109922	-.47668312
ABs_CD15_08dpf_vast01_plate02_irs2_210706_1300_W_B04	15	30	.94336634	.05663366	0	1	1	AW107	k1	7070	15247.516	518	0	.00103843	.99896157	5	91	3	4	4	4190.351	1165694	0	0	1.668e+09	8142.1649	17656.367	4147.5665	1540999.8	0	0	1.723e+09	8413.3427	16507.794	4247.1349	1176819.5	0	0	1.670e+09	8154.7605	17635.772	4121.2356	1544469	0	0	1.747e+09	8528.419	16622.997	11/30/2021 11:27	4190.351	1165694	1540999.8	5	ABs	CD15	irs2	210706	1	0	0	1	2	1	8	240.56244	63575.897	76389.485	1813.4872	167.17975	4027.0875	1.0544725	1.0544725	1.3056645	1.2133396	1.2581616	.85659877	1.2643432	1.3545138
ABs_CD15_08dpf_vast01_plate02_irs2_210706_1300_W_B05	15	30	.12320917	.87679083	1	0	0	AW115	k1	4699	11586.929	408	0	.00272223	.9972778	5	92	3	3	3	3784.0312	965794.07	0	0	1.371e+09	6693.491	16269.15	3857.0199	1282810.7	0	0	1.384e+09	6759.2892	14720.395	3844.6829	976381.23	0	0	1.385e+09	6761.6325	16297.618	3852.2366	1297046.5	0	0	1.413e+09	6898.4572	14870.859	11/30/2021 11:27	3784.0312	965794.07	1282810.7	1	ABs	CD15	irs2	210706	1	0	0	1	2	1	8	-165.7573	37506.381	61475.049	-557.51282	57.179747	366.50013	-.68766039	-.68766039	-.07317524	.63565701	-.07317524	.74159404	-.29107708	-.41329661
ABs_CD15_08dpf_vast01_plate02_irs2_210706_1300_W_C01	15	31	0	1	1	0	0	AW085	k1	4788	11831.526	373	0	.00130994	.99869007	5	93	3	3	3	3659.2844	877418.21	0	0	1.248e+09	6094.2958	15684.872	3637.7712	1204752.8	0	0	1.328e+09	6484.0162	14778.932	3680.6678	885881.96	0	0	1.254e+09	6122.1416	15707.453	3627.2698	1215100.7	0	0	1.348e+09	6581.1665	14860.671	11/30/2021 11:27	3659.2844	877418.21	1204752.8	1	ABs	CD15	irs2	210706	1	0	0	1	2	1	8	-290.49687	2499.2867	58106.468	-468.51282	26.379734	608.29196	-1.6057296	-1.6057296	-1.3563117	.01044447	-.61029461	.63565701	-.25137174	-.37195861
ABs_CD15_08dpf_vast01_plate02_irs2_210706_1300_W_C02	15	31	.18419728	.81580272	1	0	0	AW092	k1	4582	11287.487	372	0	.00113316	.99886692	5	94	3	3	3	3849.293	913037.72	0	0	1.361e+09	6643.4298	16750.219	3861.1854	1239415.3	0	0	1.366e+09	6670.8822	15030.938	4020.6286	936425.17	0	0	1.395e+09	6810.5407	16856.479	3867.2764	1250361.3	0	0	1.383e+09	6755.321	15081.701	11/30/2021 11:27	3849.293	913037.72	1239415.3	1	ABs	CD15	irs2	210706	1	0	0	1	2	1	8	-100.48827	-43170.068	-20994.362	-674.51282	25.379734	64.252843	-.32964705	-.32964705	-.71436744	-.71436744	-.41929575	-.44221541	-.37195861	-.52001455
ABs_CD15_08dpf_vast01_plate02_irs2_210706_1300_W_C03	15	31	.05317788	.94682212	1	0	0	AW100	k1	5676	12246.073	386	0	.00018512	.99981493	5	95	3	3	3	4110.3068	1038498.5	0	0	1.474e+09	7197.6203	16820.506	3879.2099	1355963.7	0	0	1.488e+09	7265.5327	15534.398	4137.8494	1051179.2	0	0	1.472e+09	7189.1249	16734.963	3874.6895	1360838.6	0	0	1.508e+09	7361.5138	15622.336	11/30/2021 11:27	4110.3068	1038498.5	1355963.7	1	ABs	CD15	irs2	210706	1	0	0	1	2	1	8	160.52552	-29375.318	-60721.933	419.48718	39.379734	1022.8393	.79777685	.79777685	.51245396	-.56070303	.41929575	-.74159404	.27117097	.21205892
ABs_CD15_08dpf_vast01_plate02_irs2_210706_1300_W_C05	15	31	.93834395	.06165605	0	1	1	AW116	k1	6874	8172.124	135	0	.00019524	.99980479	5	97	3	2	2	3994.7188	1076121.8	0	0	1.588e+09	7754.428	17547.835	3978.1313	1435038.5	0	0	1.613e+09	7873.6816	16226.15	4003.577	1091105.3	0	0	1.583e+09	7730.3711	17432.745	3973.7008	1439315.2	0	0	1.641e+09	8014.1731	16382.532	11/30/2021 11:27	3994.7188	1076121.8	1435038.5	5	ABs	CD15	irs2	210706	1	0	0	1	2	1	8	44.937499	57698.462	87558.457	1617.4872	-211.62027	-3051.1101	.40791874	.39659429	.91854553	1.0916204	.85659877	1.2133396	1.1095904	1.1834238
ABs_CD15_08dpf_vast01_plate02_irs2_210706_1300_W_D01	15	32	0	1	.80064655	.19935345		AW086	k1	2950	1228.5462	0	1	.82973486	.17026515	5	98	3	1	1	3732.3968	892581.18	0	0	1.195e+09	5832.7876	14976.927	3807.3852	1190188	0	0	1.266e+09	6182.602	14183.821	3942.4188	907803.96	0	0	1.225e+09	5979.2868	15149.256	3807.8212	1190307.6	0	0	1.291e+09	6301.436	14390.089	11/30/2021 11:27	3732.3968	892581.18	1190188		ABs	CD15	irs2	210706	1	0	0	1	2	1	8	-217.19769	-13616.459	-232.73032	-2306.5128	-333.28153	-9674.9914	-1.0187254	-1.0187254	-1.0544725	-.28584087	-.85659877	-.19976207	-1.6485657	-1.7281046
ABs_CD15_08dpf_vast01_plate02_irs2_210706_1300_W_D02	15	32	.15013235	.84986765	.98170075	.01829925	0	AW093	k1	3308	4737.7865	137	1	.74395019	.25604981	5	99	3	1	2	3963.0028	860281.37	0	0	1.285e+09	6276.6133	16297.123	3774.7212	1119696.7	0	0	1.249e+09	6097.0662	14190.428	3903.9138	867100.22	0	0	1.292e+09	6309.5778	16265.747	3782.2327	1129655.8	0	0	1.262e+09	6163.8393	14318.702	11/30/2021 11:27	3963.0028	860281.37	1119696.7	1	ABs	CD15	irs2	210706	1	0	0	1	2	1	8	13.408278	-144573.36	-208794.11	-1948.5128	-196.28153	-6165.7511	.28584087	.28584087	-1.6866708	-2.6382573	-1.4696127	-2.2414027	-1.4572834	-1.4572834
ABs_CD15_08dpf_vast01_plate02_irs2_210706_1300_W_D03	15	32	.87268948	.12731052	0	1		AW101	k1	3655	1507.907	17	0	.07566588	.92433405	5	100	3	1	1	3750.1791	861836.55	0	0	1.165e+09	5686.8225	14781.478	3753.3199	1181544.8	0	0	1.236e+09	6034.3783	13817.76	3734.0511	866741.33	0	0	1.160e+09	5662.4157	14754.479	3747.3869	1183997.2	0	0	1.229e+09	6001.9629	13709.155	11/30/2021 11:27	3750.1791	861836.55	1181544.8		ABs	CD15	irs2	210706	1	0	0	1	2	1	8	-199.41541	-51968.644	-19522.651	-1601.5128	-316.28153	-9395.6307	-.85659877	-.85659877	-1.5341205	-.9508773	-.98423496	-.39659429	-1.1095904	-1.1457264
ABs_CD15_08dpf_vast01_plate02_irs2_210706_1300_W_D04	15	32	.87972665	.12027335	0	1		AW109	k1	2748	6068.0125	147	0	.00331157	.99668843	5	101	3	1	2	3474.0813	954578.86	0	0	1.293e+09	6315.3614	15553.835	3374.2897	1109348.8	0	0	1.293e+09	6315.6751	14846.501	3474.3783	974526.98	0	0	1.300e+09	6346.31	15502.168	3369.2871	1102380.4	0	0	1.293e+09	6314.9455	14897.307	11/30/2021 11:27	3474.0813	954578.86	1109348.8		ABs	CD15	irs2	210706	1	0	0	1	2	1	8	-475.51325	158892.94	73588.566	-2508.5128	-186.28153	-4835.5251	-2.6382573	-2.6382573	-.17849616	2.2414027	-1.5341205	.82683016	-1.8203725	-1.9313878
ABs_CD15_08dpf_vast01_plate02_irs2_210706_1300_W_D05	15	32	.97445972	.02554028	0	1	1	AW117	k1	4916	15294.145	553	0	.00009819	.99990177	5	102	3	4	4	4003.308	1012269.9	0	0	1.513e+09	7385.8994	17346.253	3981.9861	1364427.5	0	0	1.560e+09	7618.9592	15931.376	4000.8009	1018191.5	0	0	1.510e+09	7370.6654	17262.524	3972.8577	1372382.8	0	0	1.568e+09	7658.671	15941.222	11/30/2021 11:27	4003.308	1012269.9	1364427.5	5	ABs	CD15	irs2	210706	1	0	0	1	2	1	8	53.713507	-9828.083	11804.889	-340.51282	219.71847	4390.607	.48877641	.48877641	.35178434	-.19976207	.46536979	.01044447	-.17307125	-.23167057
ABs_CD15_08dpf_vast01_plate02_irs2_210706_1300_W_E01	15	29	.11742728	.88257272	.95160413	.04839587	0	AW087	k1	767	1215.8961	39	0	.00253121	.99746883	5	103	3	1	1	3987.3526	923953.86	0	0	1.245e+09	6080.4489	15296.336	3822.9731	1174097.9	0	0	1.258e+09	6141.7435	14287.801	3950.6183	923864.14	0	0	1.244e+09	6074.2208	15271.051	3817.2502	1216416.6	0	0	1.259e+09	6149.4221	13989.306	11/30/2021 11:27	3987.3526	923953.86	1174097.9	1	ABs	CD15	irs2	210706	1	0	0	1	2	1	8	37.340525	-91318.119	-168971.75	-4489.5128	-297.64217	-9729.7851	.35178434	.35178434	-.56070303	-1.3563117	-1.0916204	-2.0368341	-2.6678608	-2.6678608
ABs_CD15_08dpf_vast01_plate02_irs2_210706_1300_W_E02	15	29	.22237399	.77762601	1	0	0	AW094	k1	5741	8678.7372	236	0	.00115308	.99884689	5	104	3	2	2																																	1	ABs	CD15	irs2	210706	1	0	0	1	2	1	8				484.48718	-100.64217	-2266.9441							.31109922	.29107708
ABs_CD15_08dpf_vast01_plate02_irs2_210706_1300_W_E03	15	29	.89633545	.10366455	0	1		AW102	k1	9159	12119.137	274	0	.00134702	.99865294	5	105	3	3	3	4408.7928	1287715.5	0	0	1.915e+09	9348.2701	19007.763	4340.4722	1688741.5	0	0	1.935e+09	9450.1394	17495.767	4446.309	1285233.2	0	0	1.923e+09	9388.1811	19050.841	4383.3387	1687006.8	0	0	1.926e+09	9404.9865	17480.513	11/30/2021 11:27	4408.7928	1287715.5	1688741.5		ABs	CD15	irs2	210706	1	0	0	1	2	1	8	458.78076	92144.293	93344.11	3902.4872	-62.642171	1173.4557	1.6057296	1.6057296	2.0368341	1.6866708	1.8931845	1.3056645	2.6678608	2.6678608
ABs_CD15_08dpf_vast01_plate02_irs2_210706_1300_W_E04	15	29	.92848948	.07151052	0	1	1	AW110	k1	6658	10050.569	296	0	.00164381	.99835616	5	106	3	2	3	4150.3633	1053332.5	0	0	1.501e+09	7329.6948	16913.248	3938.2443	1352464.6	0	0	1.530e+09	7468.2864	15874.391	4153.6155	1058955.1	0	0	1.467e+09	7164.9721	16621.982	3934.6013	1345197.1	0	0	1.526e+09	7448.8501	15818.094	11/30/2021 11:27	4150.3633	1053332.5	1352464.6	5	ABs	CD15	irs2	210706	1	0	0	1	2	1	8	200.35126	-31678.176	-88203.993	1401.4872	-40.642171	-895.11266	.91854553	.91854553	.63565701	-.58531886	.35178434	-.98423496	.94724991	.97765644
ABs_CD15_08dpf_vast01_plate02_irs2_210706_1300_W_E05	15	31	1	0				AW118	k1	6298	8792.0559	247	0	.00128454	.99871552	5	107	3	2	2	4006.2653	994744.26	0	0	1.469e+09	7174.1424	17001.058	3899.9703	1334490.4	0	0	1.518e+09	7410.9736	15813.522	3975.9655	991604	0	0	1.441e+09	7034.6344	16800.199	3906.5406	1333802.5	0	0	1.528e+09	7460.543	15861.565	11/30/2021 11:27	4006.2653	994744.26	1334490.4		ABs	CD15	irs2	210706	1	0	0	1	2	1	8	56.484007	-28618.89	-19902.846	1041.4872	-99.620266	-2431.1782	.51245396	.51245396	.19976207	-.53642238	.2425767	-.41929575	.65658098	.68050745
ABs_CD15_08dpf_vast01_plate02_irs2_210706_1300_W_F01	15	30	.91267842	.08732158	.22205207	.77794793	1	AW088	k1	5380	13087.161	405	0	.00025705	.99974293	5	108	3	4	3	3948.9715	1015679.3	0	0	1.455e+09	7102.8146	16787.912	3888.4697	1377586.7	0	0	1.499e+09	7317.4043	15581.953	4044.7054	1034760.1	0	0	1.486e+09	7257.8578	16927.866	3910.619	1392839.4	0	0	1.524e+09	7443.2122	15686.759	11/30/2021 11:27	3948.9715	1015679.3	1377586.7	5	ABs	CD15	irs2	210706	1	0	0	1	2	1	8	-.81705156	16827.436	57496.849	123.48718	54.179747	1866.7323	.26414698	.26414698	.37409541	.32964705	.53642238	.58531886	.05743526	.11506078
ABs_CD15_08dpf_vast01_plate02_irs2_210706_1300_W_F02	15	30	.90553018	.09446982	0	1	1	AW095	k1	7540	15680.454	575	0	.0001291	.9998709	5	109	3	4	4	4469.4445	1237321.8	0	0	1.810e+09	8839.9647	18347.404	4256.5463	1659492.2	0	0	1.825e+09	8910.0013	16782.841	4431.7969	1238428.3	0	0	1.794e+09	8761.3966	18262.93	4254.2974	1669899.9	0	0	1.853e+09	9047.0837	16877.244	11/30/2021 11:27	4469.4445	1237321.8	1659492.2	5	ABs	CD15	irs2	210706	1	0	0	1	2	1	8	519.65595	15802.831	27781.064	2283.4872	224.17975	4460.0249	1.7804643	1.7804643	1.6057296	.26414698	1.7804643	.19976207	1.578269	1.7281046
ABs_CD15_08dpf_vast01_plate02_irs2_210706_1300_W_F03	15	30	.02986162	.97013838	1	0	0	AW103	k1	3430	5365.9115	144	0	.00916257	.99083745	5	110	3	1	2	3905.35	882592.16	0	0	1.191e+09	5817.251	14959.445	3681.9352	1022348.6	0	0	1.148e+09	5603.8852	13887.338	3883.2053	935258.79	0	0	1.207e+09	5892.7686	14843.219	3667.4931	1054678.3	0	0	1.159e+09	5661.0486	13736.646	11/30/2021 11:27	3905.35	882592.16	1022348.6	1	ABs	CD15	irs2	210706	1	0	0	1	2	1	8	-44.438539	-97597.72	-271623.82	-1826.5128	-206.82025	-5854.5171	-.07317524	-.07317524	-1.3056645	-1.8931845	-2.0368341	-2.6382573	-1.3545138	-1.2643432
ABs_CD15_08dpf_vast01_plate02_irs2_210706_1300_W_F04	15	30	.95092025	.04907975	0	1	1	AW111	k1	6313	16801.41	625	0	.00053577	.99946421	5	111	3	4	4	4096.7107	1115180.7	0	0	1.642e+09	8019.2046	17861.823	3997.039	1468534.5	0	0	1.628e+09	7950.5065	16109.549	4167.7544	1132586.7	0	0	1.664e+09	8123.3662	17938.961	4022.6364	1476639.4	0	0	1.648e+09	8047.424	16191.434	11/30/2021 11:27	4096.7107	1115180.7	1468534.5	5	ABs	CD15	irs2	210706	1	0	0	1	2	1	8	146.92216	53123.472	59989.253	1056.4872	274.17975	5580.9817	.74159404	.74159404	.98423496	1.0187254	.91854553	.66143508	.68050745	.70483001
ABs_CD15_08dpf_vast01_plate02_irs2_210706_1300_W_F05	15	30	0	1	1	0	0	AW119	k1	6643	20585.111	743	0	.00006357	.99993646	5	112	3	4	4	4318.3911	1183189.7	0	0	1.657e+09	8091.9519	17413.921	4130.9918	1558585.2	0	0	1.693e+09	8265.5523	16031.156	4222.0486	1183458.9	0	0	1.650e+09	8058.5391	17370.304	4109.4918	1559990.8	0	0	1.713e+09	8361.953	16132.624	11/30/2021 11:27	4318.3911	1183189.7	1558585.2	1	ABs	CD15	irs2	210706	1	0	0	1	2	1	8	368.60257	26293.914	17313.836	1386.4872	392.17975	9364.6825	1.3563117	1.3563117	1.3563117	.48877641	1.3056645	.05224518	.91769489	.94724991
ABs_CD15_08dpf_vast01_plate02_irs2_210706_1300_W_G01	15	31	.2862069	.7137931	1	0	0	AW089	k1	6894	12525.134	333	0	.00162368	.99837625	5	113	3	3	3	4276.8457	1068854.4	0	0	1.628e+09	7949.6599	18065.697	4124.0503	1474366.5	0	0	1.631e+09	7965.2736	16111.916	4276.9122	1082073.4	0	0	1.634e+09	7976.6652	18006.249	4112.9399	1484026.5	0	0	1.654e+09	8076.876	16221.607	11/30/2021 11:27	4276.8457	1068854.4	1474366.5	1	ABs	CD15	irs2	210706	1	0	0	1	2	1	8	327.06441	-70267.609	-42030.575	1637.4872	-13.620266	1301.8995	1.2133396	1.2133396	.74159404	-1.0544725	1.0544725	-.58531886	1.1457264	1.2643432
ABs_CD15_08dpf_vast01_plate02_irs2_210706_1300_W_G02	15	31	.06152313	.93847687	1	0	0	AW096	k1	1604	1538.0095	15	0	.01707861	.98292142	5	114	3	1	1	3687.9005	890188.6	0	0	1.390e+09	6786.1788	17116.57	3563.9345	1086230.5	0	0	1.389e+09	6784.3211	16058.931	3688.679	887138.06	0	0	1.357e+09	6625.7292	16817.211	3562.3775	1122478	0	0	1.363e+09	6656.7899	15597.074	11/30/2021 11:27	3687.9005	890188.6	1086230.5	1	ABs	CD15	irs2	210706	1	0	0	1	2	1	8	-261.88077	3027.2247	-77549.108	-3652.5128	-331.62027	-9685.2246	-1.4106992	-1.4106992	-1.1303392	.03133798	-1.6866708	-.88714656	-2.2750861	-2.0730466
ABs_CD15_08dpf_vast01_plate02_irs2_210706_1300_W_G03	15	31	.05335033	.94664967	1	0	0	AW104	k1	4925	9450.5575	296	0	.00332572	.9966743	5	115	3	2	2	3664.9806	887556.76	0	0	1.258e+09	6144.8202	15746.298	3746.1935	1203795.8	0	0	1.299e+09	6343.3553	14547.657	3631.7482	890338.13	0	0	1.240e+09	6055.0896	15570.355	3735.4805	1209478.1	0	0	1.328e+09	6482.3565	14763.118	11/30/2021 11:27	3664.9806	887556.76	1203795.8	1	ABs	CD15	irs2	210706	1	0	0	1	2	1	8	-284.80066	10200.901	53738.959	-331.51282	-50.620266	-1772.6766	-1.5341205	-1.5341205	-1.2133396	.15731068	-.66143508	.51245396	-.15367931	-.21205892
ABs_CD15_08dpf_vast01_plate02_irs2_210706_1300_W_G04	15	31	.94767218	.05232782	0	1	1	AW112	k1	6636	12722.583	380	0	.00002771	.99997234	5	116	3	3	3	4296.562	1125438.8	0	0	1.613e+09	7874.2581	17352.691	4048.3528	1469282.2	0	0	1.605e+09	7837.303	15956.576	4140.6564	1116048	0	0	1.572e+09	7677.7325	17143.38	4000.3822	1467966.3	0	0	1.623e+09	7923.2783	16048.99	11/30/2021 11:27	4296.562	1125438.8	1469282.2	5	ABs	CD15	irs2	210706	1	0	0	1	2	1	8	346.78069	-22118.088	-58919.471	1379.4872	33.379734	1499.349	1.3056645	1.3056645	1.0187254	-.37409541	.9508773	-.68766039	.88892051	.91769489
ABs_CD15_08dpf_vast01_plate02_irs2_210706_1300_W_G05	15	31	1	0				AW120	k1	4408	17675.987	398	0	.00106516	.99893481	5	117	3	4	4																																		ABs	CD15	irs2	210706	1	0	0	1	2	1	8				-848.51282	51.379734	6452.7533							-.52001455	-.65658098
ABs_CD15_08dpf_vast01_plate02_irs2_210706_1300_W_H02	15	32	.0311381	.9688619	.98059579	.01940421	0	AW097	k1	3890	4901.2838	118	0	.03057751	.96942252	5	118	3	1	2	3939.5085	915998.54	0	0	1.238e+09	6045.6292	15250.175	3709.9453	1185163.6	0	0	1.214e+09	5929.0638	13721.957	3911.3951	927064.21	0	0	1.234e+09	6026.4743	15156.244	3699.8226	1192969.4	0	0	1.216e+09	5937.492	13665.08	11/30/2021 11:27	3939.5085	915998.54	1185163.6	1	ABs	CD15	irs2	210706	1	0	0	1	2	1	8	-10.086034	-78804.934	-129260.51	-1366.5128	-215.28153	-6002.2539	.17849616	.17849616	-.61029461	-1.2133396	-.9508773	-1.3056645	-.86086395	-.91769489
ABs_CD15_08dpf_vast01_plate02_irs2_210706_1300_W_H03	15	32	.93871896	.06128104	0	1	1	AW105	k1	6233	12801.12	431	0	.00041812	.99958187	5	119	3	3	3	4123.5282	1149334.7	0	0	1.672e+09	8165.1162	17776.937	4103.4907	1535556.6	0	0	1.728e+09	8438.5651	16673.547	4085.8736	1152086.2	0	0	1.661e+09	8111.4927	17702.287	4088.4494	1545964.4	0	0	1.747e+09	8529.5607	16734.781	11/30/2021 11:27	4123.5282	1149334.7	1535556.6	5	ABs	CD15	irs2	210706	1	0	0	1	2	1	8	173.93363	75804.554	110954.99	976.48718	97.718474	1897.5822	.82683016	.82683016	1.0916204	1.4106992	1.2133396	1.6866708	.60981444	.60981444
ABs_CD15_08dpf_vast01_plate02_irs2_210706_1300_W_H04	15	32	.91442606	.08557394	0	1	1	AW113	k1	4564	17375.012	539	0	.00065113	.99934882	5	120	3	4	4																																	5	ABs	CD15	irs2	210706	1	0	0	1	2	1	8				-692.51282	205.71847	6471.474							-.43422903	-.56434541
ABs_CD15_08dpf_vast01_plate02_irs2_210706_1300_W_H05	15	32	.38761062	.61238938	1	0	0	AW121	k1	5850	15531.885	389	0	.00120259	.99879742	5	121	3	4	4	4185.3234	1073699.3	0	0	1.720e+09	8400.3313	18918.275	4213.3374	1471914.1	0	0	1.697e+09	8284.0971	16368.42	4299.4428	1102230.8	0	0	1.755e+09	8569.849	19003.34	4213.5255	1492131.3	0	0	1.708e+09	8337.8227	16371.31	11/30/2021 11:28	4185.3234	1073699.3	1471914.1	1	ABs	CD15	irs2	210706	1	0	0	1	2	1	8	235.72885	-26267.849	10313.941	593.48718	55.718474	4628.3474	.98423496	.98423496	.88714656	-.41929575	.98423496	-.03133798	.39254375	.43422903
ABs_CD15_08dpf_vast01_plate02_irs2_210706_1500_W_A07	15	29	.93667354	.06332646	1	0		AW123	k1	8638	15016.645	412	0	.00013484	.99986517	7	122	4	4	4	4681.4544	1309338.4	0	0	2.184e+09	10663.197	21114.711	4449.1197	1781095	0	0	2.090e+09	10204.128	18141.413	4621.2523	1304702.8	0	0	2.222e+09	10848.554	21424.569	4454.0107	1769042.4	0	0	2.085e+09	10181.122	18207.567	11/30/2021 11:28	4681.4544	1309338.4	1781095		ABs	CD15	irs2	210706	1	0	0	1	2	1	8	731.44237	-2881.9796	22447.729	2737.5217	101.95664	4679.2225	2.6382573	2.6382573	2.2414027	-.11514104	2.6382573	.13619558	2.2750861	2.0730466
ABs_CD15_08dpf_vast01_plate02_irs2_210706_1500_W_A09	15	29	.15789474	.84210526	1	0	0	AW134	k1	6899	13123.346	399	0	.00039405	.99960595	7	123	4	4	3	4602.144	1263909.3	0	0	1.945e+09	9497.2036	19461.98	4399.3536	1651536.9	0	0	1.817e+09	8872.9342	16719.273	4522.7488	1270518.8	0	0	1.932e+09	9435.0647	19367.611	4374.4702	1661226.8	0	0	1.829e+09	8932.3474	16721.88	11/30/2021 11:28	4602.144	1263909.3	1651536.9	1	ABs	CD15	irs2	210706	1	0	0	1	2	1	8	652.13195	-14380.736	-59625.082	998.52174	88.956642	2785.9238	2.2414027	2.2414027	1.7804643	-.30767015	1.6057296	-.71436744	1.1834238	.63302463
ABs_CD15_08dpf_vast01_plate02_irs2_210706_1500_W_A10	15	29	1	0				AW142	k1	3962	10437.206	355	0	.00478231	.99521768	7	124	4	2	3	3937.2455	914921.88	0	0	1.267e+09	6186.5216	15517.171	3769.7185	1153910.5	0	0	1.266e+09	6183.6081	14351.856	3945.6984	923146.36	0	0	1.271e+09	6208.2315	15506.452	3775.9135	1160340.6	0	0	1.287e+09	6284.15	14463.365	11/30/2021 11:28	3937.2455	914921.88	1153910.5		ABs	CD15	irs2	210706	1	0	0	1	2	1	8	-12.766526	-78913.466	-159158.67	-1938.4783	44.956642	99.783982	.13619558	.13619558	-.66143508	-1.2581616	-1.3563117	-1.8931845	-.75477886	-1.3545138
ABs_CD15_08dpf_vast01_plate02_irs2_210706_1500_W_B08	15	29	.28065844	.71934156	1	0	0	AW129	k1	6343	16005.335	548	0	.00034688	.9996531	7	125	4	4	4	4082.7689	1056502.7	0	0	1.555e+09	7591.1906	17517.519	4004.0812	1434559.9	0	0	1.552e+09	7576.7448	15742.387	4093.6982	1063112.2	0	0	1.547e+09	7553.9454	17435.938	4009.8022	1445864.9	0	0	1.575e+09	7690.8859	15831.896	11/30/2021 11:28	4082.7689	1056502.7	1434559.9	1	ABs	CD15	irs2	210706	1	0	0	1	2	1	8	132.75685	410.00747	34361.947	442.52174	237.95664	5667.9128	.68766039	.68766039	.68766039	-.03133798	.82683016	.35178434	.72957689	.25137174
ABs_CD15_08dpf_vast01_plate02_irs2_210706_1500_W_B09	15	29	.11736591	.88263409	.98476821	.01523179	0	AW135	k1	5204	12569.661	460	0	.00393313	.99606687	7	126	4	3	3	3865.153	1053811	0	0	1.487e+09	7259.6657	16988.473	3773.7585	1269531.9	0	0	1.464e+09	7147.2391	15869.082	3789.4926	1029227.3	0	0	1.462e+09	7140.8093	16901.634	3779.5749	1278563.8	0	0	1.469e+09	7170.6311	15803.346	11/30/2021 11:28	3865.153	1053811	1269531.9	1	ABs	CD15	irs2	210706	1	0	0	1	2	1	8	-84.859116	90818.11	-373.54631	-696.47826	149.95664	2232.2382	-.2425767	-.2425767	.66143508	1.6057296	-.19976207	-.22111871	-.03827848	-.58692823
ABs_CD15_08dpf_vast01_plate02_irs2_210706_1500_W_C07	15	30	.07802814	.92197186	1	0	0	AW124	k1	7307	13000.847	363	0	.01516103	.98483896	7	128	4	3	3	4277.8246	1043253.8	0	0	1.548e+09	7560.6454	17497.184	4175.4649	1386050.4	0	0	1.525e+09	7445.0886	15598.775	4260.946	1065116	0	0	1.577e+09	7699.5644	17572.681	4181.7883	1391523.4	0	0	1.537e+09	7504.599	15638.523	11/30/2021 11:28	4277.8246	1043253.8	1386050.4	1	ABs	CD15	irs2	210706	1	0	0	1	2	1	8	328.03609	-96286.978	-130932.7	1406.5217	38.77856	2388.6773	1.2581616	1.2581616	.56070303	-1.7804643	.58531886	-1.3563117	1.4572834	1.0089949
ABs_CD15_08dpf_vast01_plate02_irs2_210706_1500_W_C08	15	30	.19808446	.80191554	.95702168	.04297832	0	AW130	k1	3791	2651.8645	46	0	.0163129	.9836871	7	129	4	1	1	3802.0558	896917.72	0	0	1.397e+09	6821.5874	17234.475	3720.3581	1166980	0	0	1.313e+09	6413.006	14649.665	3877.7294	914622.8	0	0	1.408e+09	6876.7474	17168.734	3726.7274	1180677.5	0	0	1.303e+09	6362.9062	14453.331	11/30/2021 11:28	3802.0558	896917.72	1166980	1	ABs	CD15	irs2	210706	1	0	0	1	2	1	8	-147.73275	-39081.168	-65147.43	-2109.4783	-278.22144	-7960.3053	-.53642238	-.53642238	-1.0187254	-.66143508	-1.2133396	-.76938184	-.94724991	-1.5150056
ABs_CD15_08dpf_vast01_plate02_irs2_210706_1500_W_C09	15	30	.00783329	.99216671	.90950455	.09049545	0	AW136	k1	3536	3678.3389	87	0	.05674887	.94325113	7	130	4	1	1	3738.7576	901254.27	0	0	1.205e+09	5884.6056	14978.128	3704.4797	1186359.9	0	0	1.257e+09	6139.1462	14062.119	3858.2952	929965.21	0	0	1.237e+09	6037.6654	15100.365	3704.4797	1201343.4	0	0	1.247e+09	6087.5722	13811.285	11/30/2021 11:28	3738.7576	901254.27	1186359.9	1	ABs	CD15	irs2	210706	1	0	0	1	2	1	8	-211.03087	-7664.6237	-7869.2439	-2364.4783	-237.22144	-6933.8309	-.98423496	-.98423496	-.98423496	-.15731068	-.91854553	-.32964705	-1.2228826	-1.8203725
ABs_CD15_08dpf_vast01_plate02_irs2_210706_1500_W_D07	15	31	.1264442	.8735558	.9715847	.0284153	0	AW125	k1	7122	16416.03	550	0	.00499233	.99500763	7	131	4	4	4	4216.7609	1042655.6	0	0	1.585e+09	7739.0097	17903.892	4042.6049	1408899.5	0	0	1.588e+09	7753.8378	16149.414	4289.1877	1058985	0	0	1.598e+09	7803.5142	17897.687	4042.3534	1435965.6	0	0	1.617e+09	7893.4167	16244.919	11/30/2021 11:28	4216.7609	1042655.6	1408899.5	1	ABs	CD15	irs2	210706	1	0	0	1	2	1	8	266.97958	-70761.043	-71523.077	1221.5217	229.97855	5801.0544	1.0916204	1.0916204	.53642238	-1.0916204	.66143508	-.79777685	1.3545138	.83346922
ABs_CD15_08dpf_vast01_plate02_irs2_210706_1500_W_D09	15	31	.97267253	.02732747	0	1	1	AW137	k1	7587	12656.098	382	0	.000042	.99995804	7	132	4	3	3	4103.3267	1126276.2	0	0	1.633e+09	7972.2102	17627.944	4020.874	1514352.4	0	0	1.662e+09	8115.5568	16323.959	4107.6465	1134769.9	0	0	1.634e+09	7976.908	17619.484	4006.0525	1536483.8	0	0	1.696e+09	8282.5905	16439.489	11/30/2021 11:28	4103.3267	1126276.2	1514352.4	5	ABs	CD15	irs2	210706	1	0	0	1	2	1	8	153.5454	61388.604	101845.93	1686.5217	61.978547	2041.1229	.76938184	.76938184	1.0544725	1.1708311	1.0916204	1.4696127	1.6485657	1.3080991
ABs_CD15_08dpf_vast01_plate02_irs2_210706_1500_W_E07	15	29	.31143253	.68856747	.94882647	.05117353	0	AW126	k1	5495	5229.1512	83	0	.00260576	.9973942	7	133	4	1	2																																	1	ABs	CD15	irs2	210706	1	0	0	1	2	1	8				-405.47826	-227.04336	-5108.2712							.15367931	-.35152991
ABs_CD15_08dpf_vast01_plate02_irs2_210706_1500_W_E08	15	29	.97621605	.02378395	0	1	1	AW131	k1	6325	12237.393	383	0	.00012055	.99987948	7	134	4	3	3	3905.1509	1016277.5	0	0	1.416e+09	6913.4721	16301.809	3856.8687	1373489.4	0	0	1.447e+09	7063.3967	14988.375	3919.0606	1018849.5	0	0	1.408e+09	6875.8596	16247.191	3856.8687	1383627.9	0	0	1.467e+09	7164.0494	15045.725	11/30/2021 11:28	3905.1509	1016277.5	1373489.4	5	ABs	CD15	irs2	210706	1	0	0	1	2	1	8	-44.861208	36172.767	79636.141	424.52174	72.956642	1899.9705	-.09413741	-.09413741	.39659429	.61029461	.48877641	.98423496	.70483001	.23167057
ABs_CD15_08dpf_vast01_plate02_irs2_210706_1500_W_E09	15	29	1	0	0	1	1	AW138	k1	8596	13071.637	366	0	.00018398	.999816	7	135	4	3	3	4344.5149	1265494.4	0	0	1.855e+09	9057.3398	18753.78	4246.9201	1691911.6	0	0	1.905e+09	9302.3079	17435.392	4413.8538	1257449.3	0	0	1.860e+09	9082.7177	18790.444	4272.3575	1674894.4	0	0	1.890e+09	9226.8861	17446.317	11/30/2021 11:28	4344.5149	1265494.4	1691911.6	5	ABs	CD15	irs2	210706	1	0	0	1	2	1	8	394.50281	97422.405	134999.23	2695.5217	55.956642	2734.2142	1.5341205	1.5341205	1.8931845	1.7804643	2.0368341	2.2414027	2.0730466	1.9313878
ABs_CD15_08dpf_vast01_plate02_irs2_210706_1500_W_E10	15	29	.95505789	.04494211	0	1	1	AW144	k1	6470	12246.14	381	0	.0004319	.99956805	7	136	4	3	3	4147.48	1153372.2	0	0	1.730e+09	8449.3827	18419.861	4137.4157	1526165.8	0	0	1.701e+09	8306.0572	16629.347	4268.9225	1161088.3	0	0	1.716e+09	8379.9014	18292.95	4111.489	1536124.9	0	0	1.715e+09	8375.8162	16651.246	11/30/2021 11:28	4147.48	1153372.2	1526165.8	5	ABs	CD15	irs2	210706	1	0	0	1	2	1	8	197.46788	69595.052	87223.533	569.52174	70.956642	1908.718	.88714656	.88714656	1.1303392	1.3056645	1.1303392	1.1708311	.75477886	.31109922
ABs_CD15_08dpf_vast01_plate02_irs2_210706_1500_W_F08	15	29	.0450899	.9549101	.98546366	.01453634	0	AW132	k1	1872	1800.7754	46	0	.00301885	.99698108	7	138	4	1	1	3687.5599	791494.75	0	0	1.112e+09	5430.149	14764.725	3637.5246	1006467.9	0	0	1.091e+09	5325.9813	13375.243	3763.6484	791734.01	0	0	1.089e+09	5318.6613	14522.564	3638.3631	1034760.1	0	0	1.110e+09	5420.2603	13373.353	11/30/2021 11:28	3687.5599	791494.75	1006467.9	1	ABs	CD15	irs2	210706	1	0	0	1	2	1	8	-262.45215	-95520.901	-157107.74	-4028.4783	-264.04336	-8536.647	-1.4696127	-1.4696127	-2.2414027	-1.6057296	-2.2414027	-1.6866708	-2.0730466	-2.2750861
ABs_CD15_08dpf_vast01_plate02_irs2_210706_1500_W_F09	15	29	.97983607	.02016393	0	1	1	AW139	k1	3740	974.61505	0	0	2.147e-13	1	7	139	4	1	1	3840.188	920215.45	0	0	1.275e+09	6225.8511	15504.431	3862.3044	1255535.3	0	0	1.359e+09	6636.3202	14353.452	3861.2512	938997.19	0	0	1.301e+09	6351.3179	15596.519	3859.9497	1264268.2	0	0	1.374e+09	6707.5148	14420.995	11/30/2021 11:28	3840.188	920215.45	1255535.3	5	ABs	CD15	irs2	210706	1	0	0	1	2	1	8	-109.82404	-32097.057	577.05097	-2160.4783	-310.04336	-9362.8074	-.39659429	-.39659429	-.58531886	-.61029461	-.26414698	-.15731068	-1.0089949	-1.578269
ABs_CD15_08dpf_vast01_plate02_irs2_210706_1500_W_F10	15	29	0	1				AW145	k1	5518	8939.3574	240	0	.00250527	.99749482	7	140	4	2	2	3932.4914	979760.74	0	0	1.542e+09	7529.2261	17998.005	3802.5159	1313316	0	0	1.490e+09	7275.0379	15684.684	3983.0675	994056.4	0	0	1.566e+09	7645.5985	18088.318	3798.1837	1323065.8	0	0	1.504e+09	7342.3241	15733.021	11/30/2021 11:28	3932.4914	979760.74	1313316		ABs	CD15	irs2	210706	1	0	0	1	2	1	8	-17.52068	-12040.692	3093.2854	-382.47826	-70.043358	-1398.065	.09413741	.09413741	.03133798	-.2425767	.05224518	-.09413741	.17307125	-.33124688
ABs_CD15_08dpf_vast01_plate02_irs2_210706_1500_W_G07	15	29	.52538518	.47461482	1	0		AW128	k1	6867	8963.384	212	0	.00025299	.99974698	7	141	4	2	2	4180.186	1004823	0	0	1.609e+09	7858.7389	18503.088	3884.2025	1360390	0	0	1.562e+09	7626.1124	16294.976	4183.6831	1020584.1	0	0	1.605e+09	7834.5338	18355.439	3878.7358	1373938	0	0	1.597e+09	7800.2109	16483.579	11/30/2021 11:28	4180.186	1004823	1360390		ABs	CD15	irs2	210706	1	0	0	1	2	1	8	230.17394	-92946.34	-98134.227	966.52174	-98.043358	-1374.0384	.9508773	.9508773	.28584087	-1.4106992	.44221541	-1.1303392	1.0748481	.58692823
ABs_CD15_08dpf_vast01_plate02_irs2_210706_1500_W_G08	15	30	.94560623	.05439377	0	1	1	AW133	k1	6486	7808.5866	222	0	.00067746	.99932253	7	142	4	2	2	4127.3849	1064248.7	0	0	1.507e+09	7359.9599	16858.014	4020.1599	1446373.3	0	0	1.557e+09	7601.042	15674.822	4102.616	1076660.2	0	0	1.511e+09	7379.5469	16865.648	3998.4978	1447988.3	0	0	1.579e+09	7709.8652	15800.581	11/30/2021 11:28	4127.3849	1064248.7	1446373.3	5	ABs	CD15	irs2	210706	1	0	0	1	2	1	8	177.59635	-10931.466	19462.53	585.52174	-102.22144	-2803.5832	.85659877	.85659877	.71436744	-.22111871	.88714656	.07317524	.78046962	.41329661
ABs_CD15_08dpf_vast01_plate02_irs2_210706_1500_W_G09	15	30	.09405222	.90594778	1	0	0	AW140	k1	6000	11869.752	340	0	.00239222	.99760783	7	143	4	3	3	4014.692	978295.29	0	0	1.359e+09	6634.7003	16168.817	3802.0558	1282720.9	0	0	1.383e+09	6755.2289	15005.817	4014.435	985981.45	0	0	1.372e+09	6701.0202	16238.301	3790.8537	1286459.4	0	0	1.382e+09	6748.6373	14933.405	11/30/2021 11:28	4014.692	978295.29	1282720.9	1	ABs	CD15	irs2	210706	1	0	0	1	2	1	8	64.903514	-48672.955	-76717.559	99.521739	15.77856	1257.5825	.53642238	.53642238	-.01044447	-.85659877	-.09413741	-.85659877	.41329661	.09581926
ABs_CD15_08dpf_vast01_plate02_irs2_210706_1500_W_G10	15	30	.94384523	.05615477	0	1	1	AW146	k1	8070	23018.031	757	0	.00012414	.99987578	7	144	4	4	4	4318.7477	1162733.2	0	0	1.657e+09	8090.8786	17605.019	4157.2897	1534779.1	0	0	1.668e+09	8145.8343	16226.641	4335.7221	1184535.5	0	0	1.687e+09	8237.0279	17704.578	4163.6191	1557538.5	0	0	1.698e+09	8289.0265	16332.681	11/30/2021 11:28	4318.7477	1162733.2	1534779.1	5	ABs	CD15	irs2	210706	1	0	0	1	2	1	8	368.95922	5684.7898	-6705.8534	2169.5217	432.77856	12405.861	1.4106992	1.4106992	1.2133396	.09413741	1.1708311	-.30767015	1.8203725	1.578269
ABs_CD15_08dpf_vast01_plate02_irs2_210706_1500_W_H09	15	29	.15266253	.84733747	.98722305	.01277695	0	AW141	k1	6205	11093.825	345	0	.00114294	.99885702	7	145	4	3	3	4325.0483	1205739.7	0	0	1.785e+09	8713.416	18545.741	4353.7982	1612059.3	0	0	1.801e+09	8793.9987	16803.028	4366.3782	1216416.6	0	0	1.802e+09	8800.3077	18604.423	4375.4136	1632785	0	0	1.824e+09	8905.0121	16871.414	11/30/2021 11:28	4325.0483	1205739.7	1612059.3	1	ABs	CD15	irs2	210706	1	0	0	1	2	1	8	375.03626	45995.882	66802.083	304.52174	34.956642	756.40231	1.4696127	1.4696127	1.4696127	.85659877	1.4696127	.79777685	.58692823	.17307125
ABs_CD15_08dpf_vast01_plate02_irs2_210706_1500_W_H10	15	31	0	1	.58515284	.41484716		AW147	k1	3678	7433.8394	269	0	.01504517	.98495483	7	146	4	2	2	3889.4194	1049653.9	0	0	1.251e+09	6108.596	14736.339	3806.6428	1199070.4	0	0	1.249e+09	6097.5231	14134.382	4023.8295	932357.79	0	0	1.195e+09	5836.64	14725.176	3780.821	1183040.2	0	0	1.257e+09	6135.3598	14329.513	11/30/2021 11:28	3889.4194	1049653.9	1199070.4		ABs	CD15	irs2	210706	1	0	0	1	2	1	8	-60.36186	76279.395	-85363.979	-2222.4783	-51.021453	-3181.1358	-.17849616	-.17849616	.58531886	1.4696127	-.76938184	-.9508773	-1.0748481	-1.6485657
