filename	tod	date	plate	batch	tank	index	protein	f_batch	ModTime	Intestine_area	Food_fluo	Food_area	AutoFlo	AutoFloProb_1	AutoFloProb_2	tsf	Food_fluo_cat	Food_fluo_cat_all	Wellfolder	Length_1_1	Area_1_1	Border_1_1	Border_size_1_1	BodyPigm_Total_1_1	BodyPigm_Average_1_1	BodyPigm_Stdev_1_1	Length_1_4	Area_1_4	Border_1_4	Border_size_1_4	BodyPigm_Total_1_4	BodyPigm_Average_1_4	BodyPigm_Stdev_1_4	Length_1_7	Area_1_7	Border_1_7	Border_size_1_7	BodyPigm_Total_1_7	BodyPigm_Average_1_7	BodyPigm_Stdev_1_7	Length_1_10	Area_1_10	Border_1_10	Border_size_1_10	BodyPigm_Total_1_10	BodyPigm_Average_1_10	BodyPigm_Stdev_1_10	Date	length	dorsal_area	lateral_area	lep_dich	qRNA	line	diet	Exp	overfeeding	cholesterol	glucose	VAST	Imaged	age	length_Res	dorsal_area_Res	lateral_area_Res	Intestine_area_Res	Food_area_Res	Food_fluo_Res	intlength	intlength_Res	intdorsal_area	intdorsal_area_Res	intlateral_area	intlateral_area_Res	intIntestine_area	intIntestine_area_Res
AB_CD15_08dpf_VAST02_plate01_LEP_210902_A01	1.2833333	210902	1	5	10	NR417	26.977606	1	02-sep-2021 09:17:13	4760	106374.49	232	0	.00750612	.99249387	3.333e-13	1	1	A01	4056.3603	984097.29	0	0	1.430e+09	6982.2262	16737.925	3973.0572	1407404.2	0	0	1.396e+09	6815.9321	14479.8	4085.5223	996239.62	0	0	1.444e+09	7053.1369	16749.768	4041.643	1410365	0	0	1.413e+09	6901.0234	14640.038	9/2/2021 11:17	4056.3603	984097.29	1407404.2	1	5	AB	CD15	LEP	1	0	0	2	1	8	40.67215	-35188.603	11614.586	-223.3871	-162.70968	-542769.42	.34743989	.34743989	-.04088032	-.34743989	.37653158	.12291562	-.32211124	-.29444085
AB_CD15_08dpf_VAST02_plate01_LEP_210902_A02	1.7166667	210902	1	5	12	NR424	10.241115	1	02-sep-2021 09:43:31	5152	541127.13	447	0	.00272743	.99727255	.43333333	2	3	A02	3910.8102	1041997.7	0	0	1.534e+09	7491.712	17453.099	3866.2361	1390925.3	0	0	1.538e+09	7509.1113	15876.529	3877.5327	996957.4	1	10	1.519e+09	7414.8895	17539.988	3855.6084	1378603.5	0	0	1.542e+09	7528.7368	16032.574	9/2/2021 11:43	3910.8102	1041997.7	1390925.3	1	5	AB	CD15	LEP	1	0	0	2	1	8	-104.87799	74622.544	60432.908	168.6129	52.290323	-108016.78	-.15041807	-.15041807	.6574843	1.1503494	.29010079	.87709547	.15898053	.35003052
AB_CD15_08dpf_VAST02_plate01_LEP_210902_A03	2.0833333	210902	1	5	11	NR432	22.007375	1	02-sep-2021 10:05:19	5695	2472635	981	0	.00075322	.99924684	.8	4	4	A03	4225.9144	1068914.2	0	0	1.594e+09	7782.1231	17735.544	4154.6846	1511870.1	0	0	1.571e+09	7670.9068	16018.033	4443.0792	1124930.4	0	0	1.623e+09	7925.1883	17669.985	4178.7298	1507354.1	0	0	1.577e+09	7698.1985	16037.226	9/2/2021 12:05	4225.9144	1068914.2	1511870.1	0	1	AB	CD15	LEP	1	0	0	2	1	8	210.22627	-10843.533	40014.577	711.6129	586.29032	1823491.1	.87709547	.87709547	.87709547	.06816766	1.0505218	.52752928	.86057223	.98156177
AB_CD15_08dpf_VAST02_plate01_LEP_210902_A04	2.3833333	210902	1	5	10	NR440	15.109912												A04	4011.5583	1016516.7	1	2	1.493e+09	7291.1796	17143.034	3962.9764	1415030.5	0	0	1.524e+09	7443.186	15550.473	3992.7156	1029586.2	1	3	1.507e+09	7357.8457	17151.996	4031.4184	1392659.9	0	0	1.493e+09	7290.2259	15393.504	9/2/2021 12:22	4011.5583	1016516.7	1415030.5	1	5	AB	CD15	LEP	1	0	0	2	1	8	-4.1298312	13209.549	39340.147				.17803479	.17803479	.34743989	.34743989	.49646664	.49646664		
AB_CD15_08dpf_VAST02_plate01_LEP_210902_A05	2.7	210902	1	5	10	NR447	10.646848	1	02-sep-2021 10:42:31	4996	1266499.2	822	0	.00147827	.99852175	1.4166667	3	4	A05	4053.0669	1039276.1	0	0	1.460e+09	7131.3166	16804.779	3974.664	1428548.6	0	0	1.429e+09	6975.1203	15380.006	4084.1751	1058925.2	0	0	1.468e+09	7167.5271	16787.23	3976.4168	1451936	0	0	1.443e+09	7044.9229	15382.755	9/2/2021 12:42	4053.0669	1039276.1	1428548.6	0	1	AB	CD15	LEP	1	0	0	2	1	8	37.378804	21164.809	34236.468	12.612903	427.29032	617355.3	.31863936	.31863936	.62402876	.49646664	.59125761	.43571506	-.10573895	.13231285
AB_CD15_08dpf_VAST02_plate01_LEP_210902_A06	3.9	210902	1	5	12	NR453	26.876173	2	02-sep-2021 11:54:24	7886	1617502.7	1729	0	6.712e-06	.99999332	.1	4	4																																		0	1	AB	CD15	LEP	1	0	0	2	1	8				2786.129	817.54839	479288.23							2.1497001	2.1497001
AB_CD15_08dpf_VAST02_plate01_LEP_210902_A07	4.1833333	210902	1	5	11	NR461	15.718512	2	02-sep-2021 12:11:05	5499	1941650.8	1145	0	.00011474	.9998852	.38333333	4	4	A07	4375.8544	1068734.7	0	0	1.555e+09	7592.8553	17489.186	4158.7318	1540999.8	0	0	1.497e+09	7311.5958	15733.722	4197.5284	1073011.5	0	0	1.531e+09	7477.7916	17361.427	4205.5256	1522098.4	0	0	1.457e+09	7111.9488	15571.384	9/2/2021 2:11	4375.8544	1068734.7	1540999.8	1	5	AB	CD15	LEP	1	0	0	2	1	8	360.16626	-64499.382	1877.6224	399.12903	233.54839	803436.26	1.2631877	1.2631877	.83774504	-.83774504	1.1503494	-.04088032	.64984945	.64984945
AB_CD15_08dpf_VAST02_plate01_LEP_210902_A08	4.45	210902	1	5	10	NR469	12.371214	2	02-sep-2021 12:27:27	3774	686588.27	410	0	.00182598	.99817407	.65	2	3	A08	3803.8645	876012.57	0	0	1.298e+09	6336.8459	16507.154	3779.9191	1249942.6	0	0	1.265e+09	6177.5618	14653.133	3842.5665	880648.19	0	0	1.339e+09	6540.0241	16757.981	3806.3129	1247460.3	0	0	1.240e+09	6053.8419	14435.64	9/2/2021 2:27	3803.8645	876012.57	1249942.6	1	5	AB	CD15	LEP	1	0	0	2	1	8	-211.82361	-53220.19	-32571.447	-1325.871	-501.45161	-451626.25	-1.0043345	-1.0043345	-1.2048509	-.62402876	-.83774504	-.59125761	-1.9379315	-1.7885693
AB_CD15_08dpf_VAST02_plate01_LEP_210902_A09	4.8166667	210902	1	5	10	NR477	22.210242	2	02-sep-2021 12:49:45	5328	1263920.1	807	0	.00038729	.99961275	1.0166667	3	4	A09	3858.9579	1043612.7	0	0	1.690e+09	8254.3102	19070.607	3876.337	1374087.5	0	0	1.571e+09	7671.5368	16580.735	3898.187	1000277.1	0	0	1.666e+09	8132.7842	19041.984	3866.9631	1364577	0	0	1.572e+09	7677.8284	16619.435	9/2/2021 2:49	3858.9579	1043612.7	1374087.5	0	1	AB	CD15	LEP	1	0	0	2	1	8	-156.73028	94730.759	66857.291	228.12903	-104.45161	125705.55	-.49646664	-.49646664	.69169254	1.5566011	.09550585	1.0990663	.49435905	.49435905
AB_CD15_08dpf_VAST02_plate01_LEP_210902_B01	1.3833333	210902	1	5	11	NR418	22.007375	1	02-sep-2021 09:23:15	5554	744887.18	367	0	.00131005	.99868995	.1	2	3																																				AB	CD15	LEP	1	0	0	2	1	8				570.6129	-27.709677	95743.27							.78649261	.86057223
AB_CD15_08dpf_VAST02_plate01_LEP_210902_B02	1.7833333	210902	1	5	10	NR425	10.545415	1	02-sep-2021 09:47:54	4370	14021.66	3	0	.01158139	.98841864	.5	1	1	B02	3530.8479	823136.6	0	0	1.206e+09	5889.3719	15859.443	3457.9456	1142007.4	0	0	1.170e+09	5713.1617	14014.423	3572.4502	824871.22	0	0	1.215e+09	5934.0667	15914.368	3450.9372	1156004	0	0	1.194e+09	5831.8151	14099.154	9/2/2021 11:47	3530.8479	823136.6	1142007.4	0	1	AB	CD15	LEP	1	0	0	2	1	8	-484.8402	-8724.242	-18024.991	-613.3871	-391.70968	-635122.25	-1.9240539	-1.9240539	-2.5468644	.09550585	-2.5468644	-.29010079	-.75103502	-.5859714
AB_CD15_08dpf_VAST02_plate01_LEP_210902_B03	2.1166667	210902	1	5	12	NR433	13.284113	1	02-sep-2021 10:07:11	3984	494113.9	314	0	.00229851	.99770147	.83333333	2	3	B03	3839.2534	872692.87	0	0	1.341e+09	6546.8461	16840.518	3708.8005	1190457.2	0	0	1.240e+09	6053.7448	14513.448	3894.5026	882532.35	0	0	1.348e+09	6582.1713	16805.516	3719.0757	1207384.6	0	0	1.259e+09	6147.5632	14575.867	9/2/2021 12:07	3839.2534	872692.87	1190457.2	1	5	AB	CD15	LEP	1	0	0	2	1	8	-176.43479	-69161.389	-107933.18	-999.3871	-80.709677	-155030.02	-.62402876	-.62402876	-1.2631877	-.96019612	-1.4709511	-1.5566011	-1.4876542	-1.4121876
AB_CD15_08dpf_VAST02_plate01_LEP_210902_B04	2.4333333	210902	1	5	11	NR441	18.254344												B04	4036.3858	984426.27	0	0	1.429e+09	6979.7696	16857.447	3861.0653	1360001.2	0	0	1.408e+09	6872.9112	15286.674	4025.6278	1000336.9	0	0	1.426e+09	6965.1955	16776.976	3861.0769	1375822.1	0	0	1.420e+09	6932.5585	15234.822	9/2/2021 12:24	4036.3858	984426.27	1360001.2	0	1	AB	CD15	LEP	1	0	0	2	1	8	20.69765	-27735.677	-26827.339				.2617966	.2617966	-.0136234	-.23370064	-.04088032	-.43571506		
AB_CD15_08dpf_VAST02_plate01_LEP_210902_B05	2.7333333	210902	1	5	11	NR448	15.617079	1	02-sep-2021 10:44:11	5172	1364560.2	667	0	.00037195	.99962807	1.45	3	4	B05	4128.1348	1065983.3	0	0	1.542e+09	7529.5997	17390.025	4193.187	1507413.9	0	0	1.529e+09	7465.0976	15569.094	4380.5541	1080607.9	0	0	1.565e+09	7641.8569	17429.917	4194.82	1485402.2	0	0	1.512e+09	7383.0232	15552.804	9/2/2021 12:44	4128.1348	1065983.3	1507413.9	1	5	AB	CD15	LEP	1	0	0	2	1	8	112.44661	21098.874	79424.646	188.6129	272.29032	715416.24	.59125761	.59125761	.79965098	.46587588	1.0043345	1.2631877	.26699413	.3782254
AB_CD15_08dpf_VAST02_plate01_LEP_210902_B06	3.9333333	210902	1	5	10	NR454	16.124245	2	02-sep-2021 11:56:59	5013	1275268.3	1090	0	.0001298	.99987018	.13333333	3	4	B06	3882.9088	932716.67	0	0	1.386e+09	6765.5098	16967.405	3724.552	1329226.7	0	0	1.334e+09	6515.3297	15241.987	3904.9977	945516.97	0	0	1.376e+09	6720.3756	16830.366	3719.2365	1340531.6	0	0	1.360e+09	6639.5662	15323.604	9/2/2021 1:57	3882.9088	932716.67	1329226.7	1	5	AB	CD15	LEP	1	0	0	2	1	8	-132.77936	-24707.381	11251.509	-86.870968	178.54839	137053.78	-.31863936	-.31863936	-.40594555	-.15041807	-.2617966	.09550585	-.05279564	-.07923953
AB_CD15_08dpf_VAST02_plate01_LEP_210902_B07	4.2166667	210902	1	5	12	NR462	20.28301	2	02-sep-2021 12:13:04	5320	1389997.5	928	0	.00009062	.9999094	.41666667	3	4	B07	4074.516	996688.23	0	0	1.497e+09	7308.7345	17507.612	3827.1757	1371814.6	0	0	1.478e+09	7217.1163	16003.651	4071.4284	997974.24	0	0	1.490e+09	7275.8273	17481.124	3981.3852	1387097.2	0	0	1.503e+09	7338.3098	16069.714	9/2/2021 2:13	4074.516	996688.23	1371814.6	1	5	AB	CD15	LEP	1	0	0	2	1	8	58.827889	-29072.942	-32120.104	220.12903	16.548387	251782.98	.46587588	.46587588	.12291562	-.2617966	.06816766	-.55910955	.46475731	.46475731
AB_CD15_08dpf_VAST02_plate01_LEP_210902_B08	4.4833333	210902	1	5	11	NR470	17.950044	2	02-sep-2021 12:29:08	5712	1364189.1	1165	0	.00019132	.99980873	.68333333	3	4	B08	4068.875	1012628.8	0	0	1.496e+09	7302.4206	17300.771	4071.4027	1448227.5	0	0	1.445e+09	7055.3644	15303.382	4044.3061	1015888.7	0	0	1.496e+09	7305.7786	17280.333	4079.8195	1445775.1	0	0	1.438e+09	7022.5469	15236.287	9/2/2021 2:29	4068.875	1012628.8	1448227.5	1	5	AB	CD15	LEP	1	0	0	2	1	8	53.186812	-11120.489	46823.58	612.12903	253.54839	225974.6	.37653158	.37653158	.31863936	.04088032	.7626835	.6574843	.89943491	.89943491
AB_CD15_08dpf_VAST02_plate01_LEP_210902_B09	4.85	210902	1	5	11	NR478	18.558644	2	02-sep-2021 12:51:33	4967	1584080.4	1110	0	.00058868	.99941134	1.05	4	4																																		1	5	AB	CD15	LEP	1	0	0	2	1	8				-132.87097	198.54839	445865.87							-.18576178	-.18576178
AB_CD15_08dpf_VAST02_plate01_LEP_210902_C02	1.8166667	210902	1	5	11	NR426	15.718512	1	02-sep-2021 09:49:59	5175	142985.8	126	0	.00048175	.99951828	.53333333	1	2	C02	3848.8696	1008292.2	0	0	1.469e+09	7174.9517	17048.163	3611.566	1335058.6	0	0	1.433e+09	6996.8912	15570.153	3831.2878	999021	0	0	1.454e+09	7101.7102	16981.66	3684.1723	1354169.3	0	0	1.444e+09	7052.3052	15485.693	9/2/2021 11:50	3848.8696	1008292.2	1335058.6	0	1	AB	CD15	LEP	1	0	0	2	1	8	-166.81857	63008.333	32354.203	191.6129	-268.70968	-506158.12	-.59125761	-.59125761	.2617966	1.0505218	-.17803479	.40594555	.32211124	.40672425
AB_CD15_08dpf_VAST02_plate01_LEP_210902_C03	2.15	210902	1	5	10	NR434	17.037145	1	02-sep-2021 10:09:31	4316	903709.14	571	0	.00123134	.99876863	.86666667	2	3	C03	3806.5682	960470.58	0	0	1.424e+09	6955.4475	17221.374	3826.6599	1337481.1	0	0	1.362e+09	6651.6252	15009.624	3831.8771	964537.96	0	0	1.446e+09	7061.514	17339.907	3828.375	1344479.4	0	0	1.364e+09	6658.1782	14967.076	9/2/2021 12:09	3806.5682	960470.58	1337481.1			AB	CD15	LEP	1	0	0	2	1	8	-209.11993	30273.545	53754.071	-667.3871	176.29032	254565.23	-.96019612	-.96019612	-.20578799	.52752928	-.12291562	.7626835	-1.025212	-.68279428
AB_CD15_08dpf_VAST02_plate01_LEP_210902_C04	2.4833333	210902	1	5	12	NR442	13.79128												C04	3933.0047	913007.81	0	0	1.290e+09	6297.4491	16078.707	3957.3086	1315947.9	0	0	1.286e+09	6278.8259	14217.631	3860.4921	918540.65	1	9	1.321e+09	6449.5452	16254.134	3861.0343	1297106.3	0	0	1.272e+09	6209.8115	14183.363	9/2/2021 12:28	3933.0047	913007.81	1315947.9	1	5	AB	CD15	LEP	1	0	0	2	1	8	-82.68344	-62283.057	-24501.505				-.04088032	-.04088032	-.69169254	-.79965098	-.31863936	-.37653158		
AB_CD15_08dpf_VAST02_plate01_LEP_210902_C05	2.75	210902	1	5	12	NR449	11.661181	1	02-sep-2021 10:45:46	4456	261747.1	210	0	.00050563	.99949431	1.4666667	1	2	C05	3639.0864	930832.52	0	0	1.407e+09	6871.4282	17068.59	3566.8703	1286279.9	0	0	1.376e+09	6718.752	15240.843	3589.7418	946533.81	0	0	1.409e+09	6879.4356	17017.013	3572.9399	1288433.2	0	0	1.376e+09	6719.2201	15168.236	9/2/2021 12:45	3639.0864	930832.52	1286279.9	1	5	AB	CD15	LEP	1	0	0	2	1	8	-376.60174	60368.214	77689.163	-527.3871	-184.70968	-387396.81	-1.5566011	-1.5566011	-.43571506	.91785334	-.59125761	1.2048509	-.55492294	-.49435905
AB_CD15_08dpf_VAST02_plate01_LEP_210902_C06	3.9666667	210902	1	5	11	NR455	14.09558	2	02-sep-2021 11:58:43	4356	56780.141	78	0	.01128459	.98871547	.16666667	1	1	C06	3741.7801	831839.6	0	0	1.159e+09	5658.2147	15182.808	3711.4404	1178524.2	0	0	1.159e+09	5658.003	13866.295	3961.7348	839017.33	0	0	1.173e+09	5729.7566	15266.961	3727.1447	1182292.5	0	0	1.158e+09	5653.2429	13896.225	9/2/2021 1:58	3741.7801	831839.6	1178524.2	1	5	AB	CD15	LEP	1	0	0	2	1	8	-273.90801	-75250.636	-76137.39	-743.87097	-833.45161	-1081434.4	-1.3949084	-1.3949084	-2.1368684	-1.0990663	-1.7738561	-.96019612	-.82296778	-.75103502
AB_CD15_08dpf_VAST02_plate01_LEP_210902_C07	4.25	210902	1	5	10	NR463	16.834278	2	02-sep-2021 12:15:19	5168	945886.4	952	0	.00182951	.9981705	.45	2	3	C07	3653.3256	1241179.8	0	0	1.591e+09	7770.6792	17249.097	3423.005	1255625	0	0	1.553e+09	7582.7114	16967.418	3559.837	1198980.7	0	0	1.546e+09	7550.3956	17147.97	3639.4973	1271296.4	0	0	1.583e+09	7727.8472	17125.52	9/2/2021 2:15	3653.3256	1241179.8	1255625	1	5	AB	CD15	LEP	1	0	0	2	1	8	-362.36257	365637.08	40646.231	68.129032	40.548387	-192328.11	-1.4709511	-1.4709511	1.4709511	2.5468644	-.79965098	.59125761	.2397471	.2397471
AB_CD15_08dpf_VAST02_plate01_LEP_210902_C08	4.5166667	210902	1	5	12	NR471	15.921379	2	02-sep-2021 12:31:07	4704	997456.55	550	0	.0009746	.99902534	.71666667	3	3	C08	3874.5814	921950.07	0	0	1.325e+09	6467.7239	16331.077	3818.6328	1288702.4	0	0	1.263e+09	6166.1988	14558.998	3883.4633	928170.78	0	0	1.317e+09	6431.7338	16232.75	3812.1934	1302459.7	0	0	1.288e+09	6288.8678	14639.842	9/2/2021 2:31	3874.5814	921950.07	1288702.4	1	5	AB	CD15	LEP	1	0	0	2	1	8	-141.10675	-32504.003	-25536.923	-395.87097	-361.45161	-140757.97	-.37653158	-.37653158	-.59125761	-.29010079	-.55910955	-.40594555	-.3782254	-.3782254
AB_CD15_08dpf_VAST02_plate01_LEP_210902_C09	4.8833333	210902	1	5	12	NR479	19.877277	2	02-sep-2021 12:53:48	6003	1872408.6	1599	0	.00007295	.99992704	1.0833333	4	4	C09	4183.8833	1184984.1	0	0	1.874e+09	9152.3148	19630.821	4151.0803	1573030.4	0	0	1.739e+09	8490.5873	17337.095	4299.5645	1168565.1	0	0	1.868e+09	9123.463	19592.043	4140.4542	1550241.1	0	0	1.663e+09	8120.8585	16931.686	9/2/2021 2:53	4183.8833	1184984.1	1573030.4	0	1	AB	CD15	LEP	1	0	0	2	1	8	168.19512	120216.91	120031.02	903.12903	687.54839	734194.1	.7626835	.7626835	1.3261724	1.6554853	1.3261724	1.9240539	1.2237339	1.2237339
AB_CD15_08dpf_VAST02_plate01_LEP_210902_D01	1.5333333	210902	1	5	10	NR419	21.297342	1	02-sep-2021 09:32:23	5268	992569.12	599	0	.00254144	.99745864	.25	3	3	D01	4107.3917	951229.25	0	0	1.437e+09	7018.1665	17388.138	4199.9502	1425946.7	0	0	1.404e+09	6854.1771	15342.742	4146.4811	969472.66	0	0	1.453e+09	7095.9776	17364.765	4178.3004	1412069.7	0	0	1.408e+09	6876.9229	15308.747	9/2/2021 11:32	4107.3917	951229.25	1425946.7	0	1	AB	CD15	LEP	1	0	0	2	1	8	91.703547	-86257.097	7263.1863	284.6129	204.29032	343425.2	.55910955	.55910955	-.2617966	-1.3261724	.55910955	.0136234	.40672425	.55492294
AB_CD15_08dpf_VAST02_plate01_LEP_210902_D02	1.9166667	210902	1	5	12	NR427		1	02-sep-2021 09:55:05	4701	810572.58	369	0	.00204319	.99795675	.63333333	2	3	D02	3974.6415	890966.19	0	0	1.227e+09	5989.8666	15598.175	3816.7997	1284904.2	0	0	1.206e+09	5888.8191	14093.922	3862.6451	907116.09	0	0	1.230e+09	6004.4307	15609.812	3839.452	1283349	0	0	1.203e+09	5875.9184	14122.073	9/2/2021 11:55	3974.6415	890966.19	1284904.2			AB	CD15	LEP	1	0	0	2	1	8	-41.046694	-99174.514	-74224.426	-282.3871	-25.709677	161428.66	.06816766	.06816766	-1.0505218	-1.7738561	-.62402876	-.87709547	-.40672425	-.32211124
AB_CD15_08dpf_VAST02_plate01_LEP_210902_D03	2.1833333	210902	1	5	11	NR435	15.921379	1	02-sep-2021 10:11:29	4299	227167.63	188	0	.001125	.99887496	.9	1	2	D03	3871.1411	1008142.7	0	0	1.490e+09	7273.4081	17481.434	3864.6577	1276859.1	0	0	1.489e+09	7268.6766	16494.43	3879.869	1062005.6	0	0	1.513e+09	7389.9722	17465.948	3878.8861	1300635.4	0	0	1.478e+09	7217.897	16285.94	9/2/2021 12:11	3871.1411	1008142.7	1276859.1			AB	CD15	LEP	1	0	0	2	1	8	-144.54701	54915.601	-35836.801	-684.3871	-206.70968	-421976.28	-.40594555	-.40594555	.23370064	.7626835	-.69169254	-.69169254	-1.1189584	-.7164975
AB_CD15_08dpf_VAST02_plate01_LEP_210902_D05	2.7833333	210902	1	5	10	NR450	15.718512	1	02-sep-2021 10:47:25	5430	1144281.6	642	0	.00023864	.9997614	1.5	3	3	D05	4212.0382	1105401	0	0	1.564e+09	7637.9684	17359.748	4101.6427	1546981.2	0	0	1.535e+09	7494.9406	15481.213	4141.5916	1108391.7	0	0	1.572e+09	7677.2992	17368.66	4129.0837	1528349	0	0	1.493e+09	7291.3776	15288.4	9/2/2021 12:47	4212.0382	1105401	1546981.2	0	1	AB	CD15	LEP	1	0	0	2	1	8	196.35006	30592.261	81350.853	446.6129	247.29032	495137.72	.83774504	.83774504	1.1503494	.55910955	1.2048509	1.4709511	.5859714	.78649261
AB_CD15_08dpf_VAST02_plate01_LEP_210902_D06	4	210902	1	5	12	NR456	15.921379	2	02-sep-2021 12:00:24	4688	1267416.2	1192	0	.00018218	.99981779	.2	3	4	D06	4130.9918	895541.99	0	0	1.340e+09	6543.437	16771.52	3940.9165	1297883.9	0	0	1.272e+09	6209.5401	14870.576	3879.5646	900865.48	0	0	1.306e+09	6375.7882	16517.655	3927.4193	1305360.7	0	0	1.275e+09	6225.0916	14895.019	9/2/2021 2:00	4130.9918	895541.99	1297883.9			AB	CD15	LEP	1	0	0	2	1	8	115.30367	-150361.39	-131387.13	-411.87097	280.54839	129201.72	.62402876	.62402876	-1.0043345	-2.5468644	-.49646664	-2.5468644	-.43555739	-.40672425
AB_CD15_08dpf_VAST02_plate01_LEP_210902_D07	4.2833333	210902	1	5	11	NR464	18.254344	2	02-sep-2021 12:17:25	4682	1072549.4	812	0	.00155146	.99844849	.48333333	3	3	D07	3912.9432	984725.34	0	0	1.492e+09	7286.3585	17645.482	3801.6113	1369511.7	0	0	1.437e+09	7016.5466	15644.196	3915.8121	979641.11	0	0	1.483e+09	7242.4781	17552.995	3900.0815	1387874.8	0	0	1.438e+09	7021.0751	15575.572	9/2/2021 2:17	3912.9432	984725.34	1369511.7	1	5	AB	CD15	LEP	1	0	0	2	1	8	-102.74497	16589.459	38062.411	-417.87097	-99.451613	-65665.086	-.12291562	-.12291562	.0136234	.37653158	.04088032	.46587588	-.46475731	-.43555739
AB_CD15_08dpf_VAST02_plate01_LEP_210902_D08	4.5333333	210902	1	5	10	NR472	17.544311	2	02-sep-2021 12:32:55	4336	1491782.6	726	0	.0006651	.99933487	.73333333	4	4	D08	3890.9532	925419.31	0	0	1.394e+09	6808.9819	17102.134	3799.6008	1365952.8	0	0	1.412e+09	6894.1441	15268.176	4095.6264	940941.16	0	0	1.417e+09	6919.095	17158.857	3937.5949	1361377	0	0	1.401e+09	6840.2567	15217.136	9/2/2021 2:32	3890.9532	925419.31	1365952.8	1	5	AB	CD15	LEP	1	0	0	2	1	8	-124.73497	-34873.794	44368.679	-763.87097	-185.45161	353568.1	-.2617966	-.2617966	-.52752928	-.31863936	.0136234	.62402876	-.93970593	-.86057223
AB_CD15_08dpf_VAST02_plate01_LEP_210902_E01	1.5833333	210902	1	5	11	NR420	16.428545	1	02-sep-2021 09:35:17	4440	276196.27	183	0	.00516362	.99483645	.3	1	2	E01	3910.2519	859055.18	0	0	1.290e+09	6300.6864	16336.2	3827.7226	1243632.2	0	0	1.254e+09	6125.3092	14450.607	4031.1959	910106.81	0	0	1.324e+09	6464.1218	16311.905	3828.3164	1226704.7	0	0	1.251e+09	6109.5597	14469.733	9/2/2021 11:35	3910.2519	859055.18	1243632.2	1	5	AB	CD15	LEP	1	0	0	2	1	8	-105.43629	-108120.84	-86609.718	-543.3871	-211.70968	-372947.64	-.17803479	-.17803479	-1.7738561	-1.9240539	-.91785334	-1.1503494	-.5859714	-.52440051
AB_CD15_08dpf_VAST02_plate01_LEP_210902_E02	1.95	210902	1	5	10	NR428	20.993043	1	02-sep-2021 09:57:19	6511	1394874	1044	0	.0002343	.99976569	.66666667	3	4	E02	4595.1853	1196737.7	0	0	1.776e+09	8671.0123	18628.765	4573.3303	1701302.5	0	0	1.697e+09	8286.9534	16389.397	4717.9468	1219018.6	0	0	1.807e+09	8821.7997	18722.176	4621.1067	1687694.7	0	0	1.677e+09	8189.3561	16382.915	9/2/2021 11:57	4595.1853	1196737.7	1701302.5	0	1	AB	CD15	LEP	1	0	0	2	1	8	579.49718	-14721.271	63783.37	1527.6129	649.29032	745730.04	1.5566011	1.5566011	1.3949084	-.04088032	1.6554853	.91785334	1.4876542	1.4876542
AB_CD15_08dpf_VAST02_plate01_LEP_210902_E03	2.2166667	210902	1	5	12	NR436	16.124245	1	02-sep-2021 10:13:16	4374	72593.238	50	0	.00280063	.99719942	.93333333	1	1	E03	3814.7932	916118.16	0	0	1.446e+09	7062.3632	17629.499	3596.9661	1272612.3	0	0	1.359e+09	6633.5013	15299.062	3823.9235	891205.44	0	0	1.394e+09	6807.0968	17285.539	3729.8318	1287954.7	0	0	1.376e+09	6719.4281	15323.309	9/2/2021 12:13	3814.7932	916118.16	1272612.3	1	5	AB	CD15	LEP	1	0	0	2	1	8	-200.89495	-17012.328	-14804.623	-609.3871	-344.70968	-576550.68	-.87709547	-.87709547	-.6574843	-.06816766	-.72673011	-.23370064	-.7164975	-.55492294
AB_CD15_08dpf_VAST02_plate01_LEP_210902_E04	2.5333333	210902	1	5	11	NR443	12.472647	1	02-sep-2021 10:32:22	7899	26168.441	7	1	.56728923	.43271077	1.25	1	1	E04	4405.6068	1472272.9	0	0	2.016e+09	9843.8604	18899.513	4310.5304	1670557.9	0	0	2.058e+09	10046.765	18525.671	4484.9385	1460968	0	0	2.005e+09	9789.2408	18833.548	4273.2814	1684046	0	0	2.040e+09	9959.9775	18323.804	9/2/2021 12:32	4405.6068	1472272.9	1670557.9	0	1	AB	CD15	LEP	1	0	0	2	1	8	389.91866	328427.57	118088.1	2915.6129	-387.70968	-622975.47	1.3949084	1.3949084	2.5468644	2.1368684	1.4709511	1.7738561	2.5580427	2.5580427
AB_CD15_08dpf_VAST02_plate01_LEP_210902_E07	4.3166667	210902	1	5	12	NR465	20.993043	2	02-sep-2021 12:19:08	5532	1346854	1403	0	.0024157	.99758434	.51666667	3	4	E07	4026.8312	1080368.7	0	0	1.791e+09	8745.3532	19691.501	3838.6457	1446612.5	0	0	1.668e+09	8142.2708	17066.152	3992.1313	1079860.2	0	0	1.787e+09	8725.968	19645.769	4031.3034	1497185.7	0	0	1.695e+09	8277.0584	17132.112	9/2/2021 2:19	4026.8312	1080368.7	1446612.5			AB	CD15	LEP	1	0	0	2	1	8	11.143025	71614.382	64070.417	432.12903	491.54839	208639.45	.20578799	.20578799	1.0043345	1.0990663	.72673011	.96019612	.75103502	.75103502
AB_CD15_08dpf_VAST02_plate01_LEP_210902_E08	4.5666667	210902	1	5	12	NR473	16.529978	2	02-sep-2021 12:34:36	5028	1672313.8	654	0	.0008404	.99915957	.76666667	4	4	E08	4295.1452	1022647.7	0	0	1.552e+09	7578.2551	17709.186	4111.489	1401931.2	0	0	1.550e+09	7568.9802	16189.239	4336.6084	1060929	0	0	1.571e+09	7672.376	17637.07	4123.8001	1398701.2	0	0	1.531e+09	7476.8577	16053.093	9/2/2021 2:34	4295.1452	1022647.7	1401931.2	1	5	AB	CD15	LEP	1	0	0	2	1	8	279.4571	-81801.331	-100982.96	-71.870968	-257.45161	534099.29	1.0505218	1.0505218	.40594555	-1.2631877	.34743989	-1.4709511	0	0
AB_CD15_08dpf_VAST02_plate01_LEP_210902_E09	5	210902	1	5	11	NR481	9.9368151	2	02-sep-2021 13:00:08	4129	112747.16	97	0	.00341554	.99658442	1.2	1	1	E09	3852.4268	906577.76	0	0	1.270e+09	6202.3857	15805.429	3658.4262	1224491.6	0	0	1.292e+09	6307.0963	14661.918	3698.6382	940881.35	0	0	1.295e+09	6321.1088	15787.463	3659.1823	1210853.9	0	0	1.278e+09	6238.8078	14568.394	9/2/2021 3:00	3852.4268	906577.76	1224491.6	1	5	AB	CD15	LEP	1	0	0	2	1	8	-163.26137	-39974.826	-79808.655	-970.87097	-814.45161	-1025467.4	-.55910955	-.55910955	-.87709547	-.46587588	-1.1503494	-1.0043345	-1.2815516	-1.2815516
AB_CD15_08dpf_VAST02_plate01_LEP_210902_F01	1.6166667	210902	1	5	12	NR421	18.964377	1	02-sep-2021 09:37:32	4954	6017.2689	0	1	.93750542	.06249462	.33333333	1	1																																		1	5	AB	CD15	LEP	1	0	0	2	1	8				-29.387097	-394.70968	-643126.64							-.21267695	.05279564
AB_CD15_08dpf_VAST02_plate01_LEP_210902_F02	1.9833333	210902	1	5	11	NR429	15.008479	1	02-sep-2021 09:59:03	4204	52094.136	44	0	.01209378	.98790622	.7	1	1	F02	3977.9471	930174.56	0	0	1.329e+09	6489.4736	16477.255	3694.8115	1240282.6	0	0	1.222e+09	5966.4497	14431.565	4071.2337	942077.64	0	0	1.338e+09	6533.6229	16475.496	3740.7249	1262384	0	0	1.237e+09	6039.5318	14497.152	9/2/2021 11:59	3977.9471	930174.56	1240282.6			AB	CD15	LEP	1	0	0	2	1	8	-37.741047	-61145.106	-120329	-779.3871	-350.70968	-597049.78	.12291562	.12291562	-.46587588	-.7626835	-1.0043345	-1.9240539	-1.2237339	-.93970593
AB_CD15_08dpf_VAST02_plate01_LEP_210902_F03	2.25	210902	1	5	10	NR437	17.341445	1	02-sep-2021 10:15:29	4983	1229945.4	870	0	.00173261	.99826741	.96666667	3	4	F03	3867.8022	950062.87	0	0	1.402e+09	6847.6141	16842.901	3814.1973	1329705.2	0	0	1.410e+09	6885.8716	15230.676	3871.1411	956343.38	0	0	1.403e+09	6848.9588	16810.595	3714.312	1336254.9	0	0	1.413e+09	6897.4288	15192.106	9/2/2021 12:15	3867.8022	950062.87	1329705.2	0	1	AB	CD15	LEP	1	0	0	2	1	8	-147.88595	-1973.3942	18507.193	-.38709677	475.29032	580801.51	-.43571506	-.43571506	-.29010079	.20578799	-.23370064	.17803479	-.15898053	.07923953
AB_CD15_08dpf_VAST02_plate01_LEP_210902_F04	2.5833333	210902	1	5	12	NR444	15.109912	1	02-sep-2021 10:35:41	4222	403814.07	223	0	.00331768	.99668235	1.3	2	2	F04	3948.8957	905321.66	0	0	1.257e+09	6135.2751	15625.124	3779.7728	1295999.8	0	0	1.261e+09	6158.5924	14004.11	3887.8005	902779.54	0	0	1.261e+09	6156.462	15653.978	3773.4732	1281106	0	0	1.242e+09	6064.545	13993.181	9/2/2021 12:35	3948.8957	905321.66	1295999.8	1	5	AB	CD15	LEP	1	0	0	2	1	8	-66.792417	-75636.78	-51578.711	-761.3871	-171.70968	-245329.84	.0136234	.0136234	-.91785334	-1.1503494	-.52752928	-.7626835	-1.1697409	-.82296778
AB_CD15_08dpf_VAST02_plate01_LEP_210902_F06	4.0833333	210902	1	5	11	NR458	21.195909	2	02-sep-2021 12:05:14	5166	1644567.6	1261	0	.00083869	.99916136	.28333333	4	4	F06	3894.5026	1052764.3	0	0	1.549e+09	7562.7571	17659.871	3579.5632	1387934.6	0	0	1.481e+09	7230.007	16160.725	3904.8751	1064697.3	0	0	1.562e+09	7625.1176	17684.414	3595.3652	1405998.5	0	0	1.491e+09	7278.015	16155.479	9/2/2021 2:05	3894.5026	1052764.3	1387934.6	0	1	AB	CD15	LEP	1	0	0	2	1	8	-121.1855	91205.249	64758.113	66.129032	349.54839	506353.06	-.23370064	-.23370064	.7626835	1.3949084	.15041807	1.0043345	.21267695	.21267695
AB_CD15_08dpf_VAST02_plate01_LEP_210902_F07	4.35	210902	1	5	10	NR466	23.123142	2	02-sep-2021 12:21:10	6837	1593422.2	1497	0	.0002289	.99977106	.55	4	4																																		1	5	AB	CD15	LEP	1	0	0	2	1	8				1737.129	585.54839	455207.71							1.6709232	1.6709232
AB_CD15_08dpf_VAST02_plate01_LEP_210902_F08	4.6	210902	1	5	10	NR474	21.297342	2	02-sep-2021 12:36:18	5154	1505282.5	1022	0	.00049509	.99950492	.8	4	4	F08	4238.5071	1070918	0	0	1.509e+09	7368.1104	17102.83	4078.4594	1468444.8	0	0	1.444e+09	7051.6203	15618.952	4227.8531	1072263.8	0	0	1.500e+09	7325.4179	17045.023	4141.4364	1518569.3	0	0	1.495e+09	7301.6287	15747.213	9/2/2021 2:36	4238.5071	1070918	1468444.8	1	5	AB	CD15	LEP	1	0	0	2	1	8	222.81891	-13330.938	-9060.0666	54.129032	110.54839	367068.03	.91785334	.91785334	.91785334	.0136234	.87709547	-.09550585	.18576178	.18576178
AB_CD15_08dpf_VAST02_plate01_LEP_210902_F09	5.0333333	210902	1	5	12	NR482	14.907046	2	02-sep-2021 13:02:06	3599	339941.18	259	0	.00187955	.99812049	1.2333333	2	2	F09	3493.4485	853492.43	0	0	1.314e+09	6415.1862	16938.724	3524.7441	1166351.9	0	0	1.239e+09	6047.3985	14761.842	3509.8342	854599	0	0	1.312e+09	6407.7565	16896.769	3527.6871	1178434.4	0	0	1.256e+09	6135.1083	14809.228	9/2/2021 3:02	3493.4485	853492.43	1166351.9	1	5	AB	CD15	LEP	1	0	0	2	1	8	-522.23969	34970.196	23097.777	-1500.871	-652.45161	-798273.33	-2.1368684	-2.1368684	-1.9240539	.6574843	-2.1368684	.2617966	-2.5580427	-2.5580427
AB_CD15_08dpf_VAST02_plate01_LEP_210902_G01	1.65	210902	1	5	10	NR422	17.240011	1	02-sep-2021 09:39:25	3998	475091.5	290	0	.00313907	.99686098	.36666667	2	2	G01	3823.5363	1030722.7	0	0	1.502e+09	7331.829	17410.196	3724.6203	1204633.2	0	0	1.514e+09	7392.4737	16780.698	3762.186	1092570.8	0	0	1.518e+09	7411.5476	17242.724	3752.8537	1219945.7	0	0	1.534e+09	7488.5967	16822.154	9/2/2021 11:39	3823.5363	1030722.7	1204633.2	1	5	AB	CD15	LEP	1	0	0	2	1	8	-192.15183	94473.912	-86706.117	-985.3871	-104.70968	-174052.41	-.67448975	-.67448975	.52752928	1.4709511	-1.2631877	-1.2048509	-1.4121876	-1.3440031
AB_CD15_08dpf_VAST02_plate01_LEP_210902_G02	2.0166667	210902	1	5	12	NR430		1	02-sep-2021 10:01:01	4995	11647.182	1	1	.99999475	5.273e-06	.73333333	1	1	G02	3483.7011	940971.07	0	0	1.394e+09	6807.4927	16649.11	3481.0301	1244828.5	0	0	1.375e+09	6713.454	15076.517	3519.2798	947640.38	0	0	1.398e+09	6825.786	16615.072	3484.435	1235916.1	0	0	1.364e+09	6662.3805	15042.337	9/2/2021 12:01	3483.7011	940971.07	1244828.5			AB	CD15	LEP	1	0	0	2	1	8	-531.98708	125925.26	105947.25	11.612903	-393.70968	-637496.73	-2.5468644	-2.5468644	-.37653158	1.7738561	-.87709547	1.6554853	-.13231285	.10573895
AB_CD15_08dpf_VAST02_plate01_LEP_210902_G03	2.2833333	210902	1	5	11	NR438	25.86184	1	02-sep-2021 10:17:46	5398	1299433.9	894	0	.00003983	.99996018	1	3	4	G03	4965.7003	1431270.1	0	0	2.229e+09	10882.202	20740.769	4372.6204	1787584.8	0	0	2.084e+09	10175.247	19070.611	4748.1349	1436414.2	0	0	2.201e+09	10749.166	20546.93	4468.0892	1825567	0	0	2.123e+09	10364.221	19197.247	9/2/2021 12:17	4965.7003	1431270.1	1787584.8	0	1	AB	CD15	LEP	1	0	0	2	1	8	950.01214	87666.28	-16155.973	414.6129	499.29032	650290.04	2.5468644	2.5468644	2.1368684	1.2631877	2.5468644	-.2617966	.52440051	.68279428
AB_CD15_08dpf_VAST02_plate01_LEP_210902_G04	2.6166667	210902	1	5	10	NR445		1	02-sep-2021 10:37:31	6432	1160039.3	1140	0	.00070262	.99929738	1.3333333	3	3	G04	4670.94	1426455.1	0	0	2.134e+09	10419.462	19924.164	4162.2936	1699777.2	0	0	2.054e+09	10027.54	18818.173	4592.0472	1467428	0	0	2.112e+09	10313.692	19616.481	4194.9626	1741079.1	0	0	2.089e+09	10199.92	18871.644	9/2/2021 12:37	4670.94	1426455.1	1699777.2	0	1	AB	CD15	LEP	1	0	0	2	1	8	655.25188	187978.07	28272.77	1448.6129	745.29032	510895.42	1.7738561	1.7738561	1.9240539	1.9240539	1.5566011	.37653158	1.4121876	1.4121876
AB_CD15_08dpf_VAST02_plate01_LEP_210902_G05	3.8	210902	1	5	10	NR451	12.472647	2	02-sep-2021 11:48:03	5231	1336813.3	1392	0	.00031451	.99968553	0	3	4	G05	4009.709	1034371.3	0	0	1.509e+09	7366.9151	17385.198	3973.7008	1444758.3	0	0	1.476e+09	7207.9261	16003.529	4134.668	1044390.3	0	0	1.514e+09	7390.4852	17373.598	3866.5455	1447958.4	0	0	1.479e+09	7223.4602	15956.199	9/2/2021 1:48	4009.709	1034371.3	1444758.3	0	1	AB	CD15	LEP	1	0	0	2	1	8	-5.979163	31723.731	69897.584	131.12903	480.54839	198598.76	.15041807	.15041807	.55910955	.59125761	.69169254	1.1503494	.35003052	.32211124
AB_CD15_08dpf_VAST02_plate01_LEP_210902_G06	4.1166667	210902	1	5	12	NR459	12.57408	2	02-sep-2021 12:07:21	4311	125215.15	150	0	.00066619	.9993338	.31666667	1	2	G06	3823.5363	866771.24	0	0	1.355e+09	6613.7848	17094.443	3621.1302	1198562	0	0	1.306e+09	6376.2663	15024.318	3655.6825	859713.13	0	0	1.332e+09	6502.0094	16936.104	3576.7674	1196019.9	0	0	1.295e+09	6323.4945	14894.217	9/2/2021 2:07	3823.5363	866771.24	1198562	1	5	AB	CD15	LEP	1	0	0	2	1	8	-192.15183	-69477.504	-92777.284	-788.87097	-761.45161	-1012999.4	-.67448975	-.67448975	-1.5566011	-1.0505218	-1.3949084	-1.2631877	-1.0709086	-.98156177
AB_CD15_08dpf_VAST02_plate01_LEP_210902_G07	4.3833333	210902	1	5	11	NR467	19.268677	2	02-sep-2021 12:23:24	5815	2066515.3	1808	0	.00101938	.99898058	.58333333	4	4	G07	3895.1361	972732.54	0	0	1.453e+09	7093.2807	17326.113	3710.7514	1363978.9	0	0	1.439e+09	7024.5328	15926.965	3916.3734	982811.28	0	0	1.457e+09	7113.3719	17324.946	3713.6074	1380188.6	0	0	1.458e+09	7119.2887	15986.483	9/2/2021 2:23	3895.1361	972732.54	1363978.9	0	1	AB	CD15	LEP	1	0	0	2	1	8	-120.552	10947.574	40518.224	715.12903	896.54839	928300.79	-.20578799	-.20578799	-.12291562	.29010079	-.0136234	.55910955	1.025212	1.025212
AB_CD15_08dpf_VAST02_plate01_LEP_210902_G08	4.6166667	210902	1	5	11	NR475	17.240011	2	02-sep-2021 12:37:51	4351	1063106.6	789	0	.00161179	.99838829	.81666667	3	3	G08	3817.3285	1024202.9	0	0	1.558e+09	7606.6375	17934.691	3829.5505	1308859.9	0	0	1.578e+09	7706.6217	17002.986	3817.6811	1059014.9	0	0	1.558e+09	7605.8955	17819.789	3839.0781	1314273.1	0	0	1.551e+09	7574.0802	16766.499	9/2/2021 2:37	3817.3285	1024202.9	1308859.9	1	5	AB	CD15	LEP	1	0	0	2	1	8	-198.35962	90168.157	20305.526	-748.87097	-122.45161	-75107.936	-.7626835	-.7626835	.46587588	1.3261724	-.37653158	.20578799	-.87983746	-.78649261
AB_CD15_08dpf_VAST02_plate01_LEP_210902_G09	5.05	210902	1	5	10	NR483	27.079039	2	02-sep-2021 13:03:59	5796	969506.75	1098	0	.00043974	.9995603	1.25	2	3	G09	4827.0107	1354169.3	0	0	1.952e+09	9529.868	18960.611	4413.9453	1731209.7	0	0	1.941e+09	9475.9133	18107.73	4818.2791	1349055.2	0	0	1.943e+09	9489.3245	18938.62	4461.8733	1772182.6	0	0	1.969e+09	9613.952	18111.562	9/2/2021 3:04	4827.0107	1354169.3	1731209.7	1	5	AB	CD15	LEP	1	0	0	2	1	8	811.32256	60029.373	-10311.701	696.12903	186.54839	-168707.77	2.1368684	2.1368684	1.7738561	.87709547	1.7738561	-.15041807	.98156177	.93970593
AB_CD15_08dpf_VAST02_plate01_LEP_210902_H01	1.6833333	210902	1	5	11	NR423	21.601642	1	02-sep-2021 09:41:20	4893	225654.7	171	0	.00321332	.99678671	.4	1	2	H01	3753.6705	884416.5	0	0	1.326e+09	6472.1864	16680.118	3791.0115	1308411.3	0	0	1.346e+09	6572.0971	14872.764	3886.6926	900237.43	0	0	1.376e+09	6717.0038	16923.646	3790.1633	1295132.4	0	0	1.335e+09	6516.8911	14879.588	9/2/2021 11:41	3753.6705	884416.5	1308411.3	1	5	AB	CD15	LEP	1	0	0	2	1	8	-262.01766	-26914.45	48415.406	-90.387097	-223.70968	-423489.21	-1.3261724	-1.3261724	-1.0990663	-.20578799	-.40594555	.72673011	-.26699413	-.10573895
AB_CD15_08dpf_VAST02_plate01_LEP_210902_H02	2.05	210902	1	5	10	NR431	19.471543	1	02-sep-2021 10:03:25	5084	1957800.2	750	0	.00274965	.99725038	.76666667	4	4	H02	4042.161	921052.86	0	0	1.352e+09	6599.7013	16493.171	3837.8392	1355006.7	0	0	1.418e+09	6923.0421	14957.683	3896.1495	913725.59	0	0	1.361e+09	6646.9249	16625.108	3844.7218	1339604.5	0	0	1.406e+09	6864.8503	14951.997	9/2/2021 12:03	4042.161	921052.86	1355006.7	1	5	AB	CD15	LEP	1	0	0	2	1	8	26.472856	-93168.83	-34412.739	100.6129	355.29032	1308656.2	.29010079	.29010079	-.62402876	-1.5566011	-.06816766	-.6574843	.07923953	.29444085
AB_CD15_08dpf_VAST02_plate01_LEP_210902_H03	2.3333333	210902	1	5	12	NR439	20.080143	1	02-sep-2021 10:20:19	3893	9092.0649	0	1	.85545135	.1445487	1.05	1	1	H03	3551.1858	926555.79	0	0	1.460e+09	7128.2536	17615.441	3478.6452	1306826.2	0	0	1.442e+09	7039.0185	15528.135	3558.4715	934032.59	0	0	1.473e+09	7192.458	17719.635	3477.6305	1301891.5	0	0	1.458e+09	7119.3734	15709.387	9/2/2021 12:20	3551.1858	926555.79	1306826.2	1	5	AB	CD15	LEP	1	0	0	2	1	8	-464.50237	87441.419	137669.71	-1090.3871	-394.70968	-640051.85	-1.7738561	-1.7738561	-.49646664	1.2048509	-.43571506	2.5468644	-1.6709232	-1.5726949
AB_CD15_08dpf_VAST02_plate01_LEP_210902_H04	2.6666667	210902	1	5	11	NR446	22.514542	1	02-sep-2021 10:40:07	4877	35747.922	31	0	.00820242	.99179757	1.3833333	1	1	H04	4267.5772	1080129.4	0	0	1.587e+09	7751.416	17740.501	4228.7266	1500983.9	0	0	1.543e+09	7532.888	15717.715	4304.1877	1098013.9	0	0	1.588e+09	7755.322	17662.058	4222.4735	1522756.3	0	0	1.551e+09	7572.8102	15685.266	9/2/2021 12:40	4267.5772	1080129.4	1500983.9	1	5	AB	CD15	LEP	1	0	0	2	1	8	251.88903	-14487.432	10437.456	-106.3871	-363.70968	-613395.99	1.0043345	1.0043345	.96019612	-.0136234	.96019612	.06816766	-.29444085	-.15898053
AB_CD15_08dpf_VAST02_plate01_LEP_210902_H06	4.15	210902	1	5	10	NR460	35.396568	2	02-sep-2021 12:09:04	6157	1113578.3	1358	0	.0002292	.99977082	.35	3	3	H06	4346.263	1104653.3	0	0	1.639e+09	8002.6682	17989.258	4123.209	1572910.8	0	0	1.610e+09	7860.9154	16275.161	4266.1298	1093497.9	0	0	1.621e+09	7914.6658	17927.718	4162.078	1564925.5	0	0	1.585e+09	7738.9113	16155.259	9/2/2021 2:09	4346.263	1104653.3	1572910.8	0	1	AB	CD15	LEP	1	0	0	2	1	8	330.5749	-18026.981	47064.013	1057.129	446.54839	-24636.263	1.2048509	1.2048509	1.0990663	-.09550585	1.2631877	.69169254	1.2815516	1.2815516
AB_CD15_08dpf_VAST02_plate01_LEP_210902_H07	4.4166667	210902	1	5	12	NR468	18.761511	2	02-sep-2021 12:25:17	5020	1439266	1018	0	.00024522	.99975473	.61666667	4	4	H07	4070.5284	978414.92	0	0	1.585e+09	7738.7806	18565.934	3959.3637	1390536.5	0	0	1.480e+09	7228.5602	16052.118	4081.1534	976321.41	0	0	1.556e+09	7595.8536	18320.714	3959.6167	1397833.9	0	0	1.464e+09	7148.3224	15874.783	9/2/2021 2:25	4070.5284	978414.92	1390536.5			AB	CD15	LEP	1	0	0	2	1	8	54.840281	-45924.069	-11609.245	-79.870968	106.54839	301051.49	.40594555	.40594555	-.06816766	-.55910955	.2617966	-.17803479	-.02638862	-.05279564
AB_CD15_08dpf_VAST02_plate01_LEP_210902_H08	4.8	210902	1	5	12	NR476	20.891609	2	02-sep-2021 12:48:02	4471	27595.954	38	0	.00353487	.99646509	1	1	1	H08	3865.4122	1011731.6	0	0	1.498e+09	7312.4164	17495.283	3880.397	1282870.5	0	0	1.415e+09	6907.6288	15604.573	3869.8855	977398.07	0	0	1.495e+09	7302.0744	17539.008	3880.1542	1259841.9	0	0	1.407e+09	6871.5328	15678.225	9/2/2021 2:48	3865.4122	1011731.6	1282870.5	1	5	AB	CD15	LEP	1	0	0	2	1	8	-150.27599	60547.718	-27255.297	-628.87097	-873.45161	-1110618.6	-.46587588	-.46587588	.29010079	.96019612	-.6574843	-.46587588	-.52440051	-.61759536
AB_CD15_08dpf_VAST02_plate01_LEP_210902_H09	5.0833333	210902	1	5	11	NR484	16.631412	2	02-sep-2021 13:05:50	4063	100447.14	118	0	.00351166	.99648833	1.2833333	1	1	H09	3815.0166	868505.86	0	0	1.331e+09	6499.8168	16778.324	3618.0855	1176759.6	0	0	1.280e+09	6248.1773	15081.216	3785.3864	869642.33	0	0	1.325e+09	6470.5378	16710.288	3620.3786	1175473.6	0	0	1.289e+09	6292.3927	15201.13	9/2/2021 3:05	3815.0166	868505.86	1176759.6	1	5	AB	CD15	LEP	1	0	0	2	1	8	-200.67152	-64704.319	-110757.52	-1036.871	-793.45161	-1037767.4	-.83774504	-.83774504	-1.3949084	-.87709547	-1.9240539	-1.6554853	-1.3440031	-1.4876542
AB_CD15_08dpf_VAST02_plate02_LEP_210902_A01	6.1333333	210902	2	5	10	NR485		3	02-sep-2021 14:08:31	5524	1406882	1487	0	.00081131	.99918872	3.340e-13	4	4	A01	3888.4697	923116.46	0	0	1.433e+09	6997.1602	17406.669	3747.6901	1330333.3	0	0	1.415e+09	6909.4603	15701.804	3910.2174	918331.3	0	0	1.389e+09	6783.6624	17094.522	3709.2681	1333503.4	0	0	1.437e+09	7017.8005	15809.794	9/2/2021 4:08	3888.4697	923116.46	1330333.3	1	5	AB	CD15	LEP	1	0	0	2	1	8	-127.21845	-36290.911	9863.3213	309.24242	539.87879	339958.41	-.29010079	-.29010079	-.55910955	-.37653158	-.20578799	.04088032	.68279428	.5859714
AB_CD15_08dpf_VAST02_plate02_LEP_210902_A02	6.4166667	210902	2	5	12	NR493	20.319328	3	02-sep-2021 14:25:20	5989	1433260.8	1712	0	.00008069	.9999193	.28333333	4	4	A02	4166.4446	1035956.4	0	0	1.549e+09	7563.2415	17587.868	3973.8889	1467069.1	0	0	1.563e+09	7630.4952	16139.938	4059.5957	1031231.1	0	0	1.523e+09	7436.5521	17451.761	3943.0636	1442066.7	0	0	1.527e+09	7453.6475	15984.686	9/2/2021 4:25	4166.4446	1035956.4	1467069.1	1	5	AB	CD15	LEP	1	0	0	2	1	8	150.75649	-22591.276	21893.09	774.24242	764.87879	366337.25	.72673011	.72673011	.59125761	-.12291562	.83774504	.23370064	1.1697409	1.1697409
AB_CD15_08dpf_VAST02_plate02_LEP_210902_A03	6.7	210902	2	5	11	NR501	21.131373	3	02-sep-2021 14:42:18	7130	991500.12	1148	0	.00135337	.99864668	.56666667	3	3	A03	4561.5342	1141648.6	0	0	1.695e+09	8277.3249	18247.749	4310.9362	1603117.1	0	0	1.637e+09	7993.7246	16332.475	4369.9453	1137341.9	0	0	1.667e+09	8140.4205	18038.588	4369.6168	1605001.2	0	0	1.623e+09	7922.6931	16250.774	9/2/2021 4:42	4561.5342	1141648.6	1603117.1	0	1	AB	CD15	LEP	1	0	0	2	1	8	545.84603	-57808.63	-19305.359	1915.2424	200.87879	-75423.476	1.4709511	1.4709511	1.2631877	-.69169254	1.3949084	-.31863936	1.7885693	1.7885693
AB_CD15_08dpf_VAST02_plate02_LEP_210902_A04	6.9666667	210902	2	5	10	NR509	13.242934	3	02-sep-2021 14:58:40	4726	792767.88	536	0	.00112617	.99887377	.83333333	2	3	A04	3920.0372	974736.33	0	0	1.452e+09	7087.7026	17150.082	3904.7526	1389220.6	0	0	1.499e+09	7319.394	15833.836	3976.5184	969801.64	0	0	1.450e+09	7080.7635	17139.651	3921.231	1406746.2	0	0	1.514e+09	7391.8909	15866.111	9/2/2021 4:58	3920.0372	974736.33	1389220.6	1	5	AB	CD15	LEP	1	0	0	2	1	8	-95.650913	4070.3342	54588.712	-488.75758	-411.12121	-274155.71	-.06816766	-.06816766	-.09550585	.23370064	.20578799	.79965098	-.35003052	-.46475731
AB_CD15_08dpf_VAST02_plate02_LEP_210902_B01	6.1666667	210902	2	5	11	NR486	19.507283	3	02-sep-2021 14:10:27	5407	2069504.4	1752	0	.00002491	.99997509	.03333333	4	4	B01	4104.4198	999439.7	0	0	1.509e+09	7366.0249	17863.669	3846.4133	1408241.6	0	0	1.435e+09	7004.4702	15885.883	4271.1078	982721.56	0	0	1.510e+09	7371.664	17924.355	3917.1523	1429744.9	0	0	1.450e+09	7079.1586	15908	9/2/2021 4:10	4104.4198	999439.7	1408241.6			AB	CD15	LEP	1	0	0	2	1	8	88.731694	-36986.731	-9108.6489	192.24242	804.87879	1002580.8	.52752928	.52752928	.15041807	-.40594555	.40594555	-.12291562	.55492294	.43555739
AB_CD15_08dpf_VAST02_plate02_LEP_210902_B02	6.45	210902	2	5	10	NR494	17.535173	3	02-sep-2021 14:27:34	4895	702345.08	598	0	.00139841	.99860162	.31666667	2	3	B02	4101.2708	990916.14	0	0	1.431e+09	6985.8109	16819.633	4071.7516	1388054.2	0	0	1.360e+09	6638.2912	14890.462	4053.4101	984605.71	0	0	1.393e+09	6802.0179	16599.596	4074.2518	1393078.6	0	0	1.357e+09	6623.9462	14898.644	9/2/2021 4:27	4101.2708	990916.14	1388054.2	1	5	AB	CD15	LEP	1	0	0	2	1	8	85.582679	-44387.187	-27883.305	-319.75758	-349.12121	-364578.51	.49646664	.49646664	.06816766	-.49646664	.17803479	-.49646664	-.2397471	-.35003052
AB_CD15_08dpf_VAST02_plate02_LEP_210902_B03	6.7333333	210902	2	5	12	NR502	21.711405	3	02-sep-2021 14:44:23	5956	1151886.3	1281	0	.00017364	.99982637	.6	3	3	B03	4812.8107	1348935.5	0	0	1.893e+09	9242.1475	18555.005	4412.9831	1749961.5	0	0	1.798e+09	8779.457	17094.482	4782.6806	1350789.8	0	0	1.895e+09	9250.9194	18582.966	4577.5528	1803585.2	0	0	1.861e+09	9084.878	17251.811	9/2/2021 4:44	4812.8107	1348935.5	1749961.5	0	1	AB	CD15	LEP	1	0	0	2	1	8	797.12257	59860.064	14810.579	741.24242	333.87879	84962.749	1.9240539	1.9240539	1.6554853	.83774504	1.9240539	.15041807	1.1189584	1.1189584
AB_CD15_08dpf_VAST02_plate02_LEP_210902_B04	7	210902	2	5	11	NR510	11.154817	3	02-sep-2021 15:00:51	5003	401911.62	271	0	.00296519	.99703479	.86666667	2	2	B04	3821.1969	948447.88	1	11	1.609e+09	7857.7403	18912.41	3735.7327	1317174.1	1	1	1.465e+09	7154.853	15507.174	3678.1887	929337.16	1	10	1.534e+09	7488.1373	18398.408	3747.8537	1325488.3	1	6	1.475e+09	7200.8862	15531.399	9/2/2021 5:00	3821.1969	948447.88	1317174.1			AB	CD15	LEP	1	0	0	2	1	8	-194.49129	13033.504	26884.311	-211.75758	-676.12121	-665011.97	-.72673011	-.72673011	-.31863936	.31863936	-.29010079	.31863936	-.07923953	-.26699413
AB_CD15_08dpf_VAST02_plate02_LEP_210902_B05	7.2333333	210902	2	5	10	NR518		3	02-sep-2021 15:14:44	5053	1703658.2	944	0	.00014976	.99985027	1.1	4	4	B05	4071.0464	1017593.4	0	0	1.487e+09	7259.1216	17282.535	4020.9447	1408301.4	0	0	1.445e+09	7057.7924	15519.893	4102.3827	1033444.2	0	0	1.485e+09	7251.7194	17169.882	4025.7281	1421640	0	0	1.445e+09	7058.0078	15430.469	9/2/2021 5:14	4071.0464	1017593.4	1408301.4			AB	CD15	LEP	1	0	0	2	1	8	55.35823	-6930.3298	5923.2834	-161.75758	-3.1212121	636734.64	.43571506	.43571506	.37653158	.12291562	.43571506	-.0136234	.05279564	-.21267695
AB_CD15_08dpf_VAST02_plate02_LEP_210902_C01	6.2166667	210902	2	5	12	NR487	18.92725	3	02-sep-2021 14:13:33	5287	1216209.9	846	0	.00041204	.99958795	.08333333	3	4	C01	3937.8114	994684.45	0	0	1.501e+09	7331.1379	17611.141	3881.0482	1408660.3	0	0	1.536e+09	7499.8202	16228.522	3988.3725	1003596.8	0	0	1.528e+09	7458.9691	17711.263	3871.9716	1414103.4	0	0	1.537e+09	7503.6913	16214.354	9/2/2021 4:13	3937.8114	994684.45	1408660.3	1	5	AB	CD15	LEP	1	0	0	2	1	8	-77.876742	17679.26	66054.5	72.242424	-101.12121	149286.27	-.0136234	-.0136234	.09550585	.40594555	.46587588	1.0505218	.43555739	.26699413
AB_CD15_08dpf_VAST02_plate02_LEP_210902_C02	6.5	210902	2	5	11	NR495	18.115205	3	02-sep-2021 14:30:06	5453	13392.794	0	0	.00601168	.99398828	.36666667	1	1	C02	4338.3873	1023215.9	0	0	1.470e+09	7179.1253	16849.049	3978.9807	1396547.9	0	0	1.442e+09	7040.4554	14896.148	4187.4844	1010086.7	0	0	1.461e+09	7132.8231	16802.614	3932.1682	1371455.7	0	0	1.411e+09	6889.6356	14795.882	9/2/2021 4:30	4338.3873	1023215.9	1396547.9	1	5	AB	CD15	LEP	1	0	0	2	1	8	322.69918	-96655.47	-125765.67	238.24242	-947.12121	-1053530.8	1.1503494	1.1503494	.43571506	-1.6554853	.31863936	-2.1368684	.61759536	.52440051
AB_CD15_08dpf_VAST02_plate02_LEP_210902_C03	6.7666667	210902	2	5	10	NR503	15.447057	3	02-sep-2021 14:46:23	5762	2779193.8	2180	0	.00021373	.99978632	.63333333	4	4	C03	3975.9655	999708.86	0	0	1.511e+09	7380.2728	17597.343	3730.6376	1418918.5	0	0	1.497e+09	7310.7865	16006.166	3993.0302	979790.65	0	0	1.482e+09	7237.9447	17481.159	3730.0884	1419666.1	0	0	1.518e+09	7411.2737	16141.056	9/2/2021 4:46	3975.9655	999708.86	1418918.5	1	5	AB	CD15	LEP	1	0	0	2	1	8	-39.722601	9095.9214	59195.837	547.24242	1232.8788	1712270.2	.09550585	.09550585	.17803479	.2617966	.52752928	.83774504	.93970593	.82296778
AB_CD15_08dpf_VAST02_plate02_LEP_210902_C04	7.0333333	210902	2	5	12	NR511	12.082869	3	02-sep-2021 15:02:54	4437	675186.35	531	0	.00140691	.99859303	.9	2	3	C04	4029.5485	963969.73	0	0	1.389e+09	6783.9226	16569.767	3860.4921	1336793.2	0	0	1.360e+09	6638.9574	15069.769	3970.8548	952036.74	0	0	1.355e+09	6618.1054	16395.252	3845.6552	1334879.2	0	0	1.373e+09	6704.011	15134.75	9/2/2021 5:02	4029.5485	963969.73	1336793.2	1	5	AB	CD15	LEP	1	0	0	2	1	8	13.860385	-45753.696	-46967.99	-777.75758	-416.12121	-391737.25	.23370064	.23370064	-.15041807	-.52752928	-.15041807	-.72673011	-.61759536	-.89943491
AB_CD15_08dpf_VAST02_plate02_LEP_210902_D01	6.25	210902	2	5	10	NR488	17.071147	3	02-sep-2021 14:15:28	5528	1176325.7	1181	0	.00083588	.9991641	.11666667	3	3	D01	4251.5267	1001264	0	0	1.444e+09	7053.0759	16868.739	3960.5721	1389489.7	0	0	1.405e+09	6862.2716	15434.297	4020.6063	984785.16	0	0	1.418e+09	6925.089	16767.148	3976.022	1382581.2	0	0	1.399e+09	6832.0078	15425.414	9/2/2021 4:15	4251.5267	1001264	1389489.7	1	5	AB	CD15	LEP	1	0	0	2	1	8	235.83854	-87628.346	-93856.056	313.24242	233.87879	109402.08	.96019612	.96019612	.20578799	-1.3949084	.23370064	-1.3261724	.7164975	.61759536
AB_CD15_08dpf_VAST02_plate02_LEP_210902_D02	6.5333333	210902	2	5	12	NR496	12.778908	3	02-sep-2021 14:32:24	4422	416062.98	196	0	.0023486	.9976514	.4	2	2	D02	3758.3206	910794.68	0	0	1.295e+09	6325.4605	16060.353	3744.4647	1240940.6	0	0	1.289e+09	6293.4635	14820.737	3743.618	930503.54	0	0	1.317e+09	6428.8974	16123.21	3768.6394	1247938.8	0	0	1.288e+09	6287.5592	14757.143	9/2/2021 4:32	3758.3206	910794.68	1240940.6	0	1	AB	CD15	LEP	1	0	0	2	1	8	-257.36754	-2194.7499	-21141.449	-792.75758	-751.12121	-650860.61	-1.2048509	-1.2048509	-.72673011	.17803479	-.96019612	-.34743989	-.64984945	-1.025212
AB_CD15_08dpf_VAST02_plate02_LEP_210902_D03	6.8	210902	2	5	11	NR504	22.059425	3	02-sep-2021 14:48:37	7477	1858726.6	2127	0	.00035955	.99964046	.66666667	4	4																																		0	1	AB	CD15	LEP	1	0	0	2	1	8				2262.2424	1179.8788	791803.04							1.9379315	1.9379315
AB_CD15_08dpf_VAST02_plate02_LEP_210902_D04	7.0666667	210902	2	5	10	NR512	15.33105	3	02-sep-2021 15:04:30	4351	1354860	698	0	.00112514	.99887484	.93333333	3	4	D04	3816.5215	953412.48	0	0	1.461e+09	7135.7031	17364.864	3806.7607	1315200.2	0	0	1.397e+09	6818.9876	15161.743	3949.4069	934421.39	0	0	1.420e+09	6932.8299	17107.071	3806.6428	1309966.4	0	0	1.410e+09	6883.1996	15300.063	9/2/2021 5:04	3816.5215	953412.48	1315200.2	1	5	AB	CD15	LEP	1	0	0	2	1	8	-199.16667	19665.587	27007.919	-863.75758	-249.12121	287936.4	-.79965098	-.79965098	-.23370064	.43571506	-.34743989	.34743989	-.87983746	-1.1697409
AB_CD15_08dpf_VAST02_plate02_LEP_210902_E01	6.2833333	210902	2	5	11	NR489	12.546895	3	02-sep-2021 14:17:26	5244	11586.008	5	1	.98967046	.01032956	.15	1	1	E01	3561.1012	902390.75	0	0	1.319e+09	6439.898	16233.009	3621.8859	1260858.8	0	0	1.254e+09	6121.6299	14168.338	3555.1418	893777.47	0	0	1.304e+09	6367.614	16151.981	3583.538	1243721.9	0	0	1.246e+09	6083.736	14155.037	9/2/2021 4:17	3561.1012	902390.75	1260858.8	1	5	AB	CD15	LEP	1	0	0	2	1	8	-454.58696	59740.028	87254.015	29.242424	-942.12121	-1055337.6	-1.6554853	-1.6554853	-.96019612	.79965098	-.7626835	1.5566011	.3782254	.15898053
AB_CD15_08dpf_VAST02_plate02_LEP_210902_E02	6.5666667	210902	2	5	10	NR497	18.811244	3	02-sep-2021 14:34:27	5137	830011.78	907	0	.00068434	.99931562	.43333333	2	3	E02	3974.2614	943154.3	0	0	1.412e+09	6895.784	17014.23	3960.893	1383508.3	0	0	1.397e+09	6821.6024	15250.674	3961.9273	937800.9	0	0	1.405e+09	6862.1583	16941.051	3965.3001	1380786.7	0	0	1.366e+09	6670.2409	15047.086	9/2/2021 4:34	3974.2614	943154.3	1383508.3	0	1	AB	CD15	LEP	1	0	0	2	1	8	-41.4267	-46850.874	24550.179	-77.757576	-40.121212	-236911.82	.04088032	.04088032	-.34743989	-.59125761	.12291562	.29010079	.13231285	-.02638862
AB_CD15_08dpf_VAST02_plate02_LEP_210902_E03	6.8333333	210902	2	5	12	NR505	12.546895	3	02-sep-2021 14:50:24	4581	390487.05	342	0	.00165051	.99834955	.7	2	2	E03	3855.6045	866412.35	0	0	1.248e+09	6095.7949	15790.915	3628.6671	1222128.9	0	0	1.283e+09	6263.1922	14544.782	3708.3932	875234.99	0	0	1.264e+09	6169.9379	15881.613	3643.2384	1212558.6	0	0	1.276e+09	6231.2711	14538.263	9/2/2021 4:50	3855.6045	866412.35	1222128.9	1	5	AB	CD15	LEP	1	0	0	2	1	8	-160.08365	-81273.574	-83596.929	-633.75758	-605.12121	-676436.54	-.52752928	-.52752928	-1.6554853	-1.2048509	-1.2048509	-1.0505218	-.49435905	-.64984945
AB_CD15_08dpf_VAST02_plate02_LEP_210902_E04	7.1	210902	2	5	11	NR513	23.451502	3	02-sep-2021 15:06:26	6836	1353255.1	1398	0	.00021259	.99978739	.96666667	3	4	E04	4599.4268	1267797.2	0	0	1.806e+09	8819.3045	18288.736	4480.5052	1762642.2	0	0	1.798e+09	8777.8334	16767.19	4740.7376	1279341.4	0	0	1.811e+09	8841.9059	18257.573	4495.4323	1741497.8	0	0	1.744e+09	8518.0397	16528.244	9/2/2021 5:06	4599.4268	1267797.2	1762642.2	0	1	AB	CD15	LEP	1	0	0	2	1	8	583.73869	54825.557	123220.25	1621.2424	450.87879	286331.55	1.6554853	1.6554853	1.5566011	.72673011	2.1368684	2.1368684	1.5726949	1.5726949
AB_CD15_08dpf_VAST02_plate02_LEP_210902_F01	6.3166667	210902	2	5	12	NR490	20.087315	3	02-sep-2021 14:19:22	5955	2498729.5	2072	0	.00007225	.99992776	.18333333	4	4	F01	4392.7681	1029526.4	0	0	1.553e+09	7581.5708	17825.243	4264.212	1485731.2	0	0	1.490e+09	7276.8907	15820.666	4366.3782	1034760.1	0	0	1.557e+09	7603.8273	17808.297	4249.9084	1495690.3	0	0	1.479e+09	7220.7795	15725.154	9/2/2021 4:19	4392.7681	1029526.4	1485731.2			AB	CD15	LEP	1	0	0	2	1	8	377.07997	-109740.06	-60978.819	740.24242	1124.8788	1431806	1.3261724	1.3261724	.49646664	-2.1368684	.91785334	-.83774504	1.0709086	1.0709086
AB_CD15_08dpf_VAST02_plate02_LEP_210902_F02	6.6	210902	2	5	11	NR498	20.319328	3	02-sep-2021 14:36:52	5174	1240091.7	545	0	.00193384	.99806613	.46666667	3	4	F02	4162.4229	990856.32	0	0	1.391e+09	6792.6833	16477.03	3996.7734	1429505.6	0	0	1.394e+09	6806.8627	15041.434	4217.3141	1005929.6	0	0	1.395e+09	6811.5182	16454.734	3964.9795	1429834.6	0	0	1.399e+09	6832.8557	14999.768	9/2/2021 4:36	4162.4229	990856.32	1429505.6	1	5	AB	CD15	LEP	1	0	0	2	1	8	146.7348	-66257.031	-13866.163	-40.757576	-402.12121	173168.09	.69169254	.69169254	.04088032	-.91785334	.62402876	-.20578799	.29444085	.02638862
AB_CD15_08dpf_VAST02_plate02_LEP_210902_F03	6.8666667	210902	2	5	10	NR506	16.607121	3	02-sep-2021 14:52:25	5116	909768.66	1029	0	.00039706	.99960297	.73333333	2	3	F03	4190.1475	1099838.3	0	0	1.558e+09	7608.1778	17228.727	3955.4339	1454358.5	0	0	1.442e+09	7043.3802	15334.103	4239.5547	1107494.5	0	0	1.523e+09	7434.327	16971.913	3992.2212	1453222	0	0	1.434e+09	7001.2802	15287.455	9/2/2021 4:52	4190.1475	1099838.3	1454358.5	1	5	AB	CD15	LEP	1	0	0	2	1	8	174.4594	32836.868	-1451.162	-98.757576	81.878788	-157154.93	.79965098	.79965098	1.0505218	.62402876	.79965098	-.06816766	.10573895	-.13231285
AB_CD15_08dpf_VAST02_plate02_LEP_210902_F04	7.1333333	210902	2	5	12	NR514	19.27527	3	02-sep-2021 15:08:09	6350	1640048.3	1842	0	.00003485	.99996519	1	4	4	F04	4140.1363	1111950.7	0	0	1.581e+09	7721.1273	17475.688	4028.0936	1513963.6	0	0	1.535e+09	7495.6926	16060.918	4315.2042	1116018.1	0	0	1.586e+09	7743.3029	17481.621	4036.0301	1480377.8	0	0	1.486e+09	7257.056	15874.658	9/2/2021 5:08	4140.1363	1111950.7	1513963.6			AB	CD15	LEP	1	0	0	2	1	8	124.44818	62785.899	80590.146	1135.2424	894.87879	573124.73	.6574843	.6574843	1.2048509	1.0043345	1.0990663	1.3949084	1.3440031	1.3440031
AB_CD15_08dpf_VAST02_plate02_LEP_210902_G01	6.35	210902	2	5	10	NR491	14.170985	3	02-sep-2021 14:21:30	3959	10781.478	0	1	.99780279	.00219719	.21666667	1	1	G01	3877.8991	866980.59	0	0	1.254e+09	6122.1416	15875.495	3817.6615	1202121	0	0	1.212e+09	5915.5941	14171.583	3831.639	868146.97	0	0	1.263e+09	6166.5711	15990.69	3828.3008	1185881.3	0	0	1.202e+09	5870.791	14176.817	9/2/2021 4:21	3877.8991	866980.59	1202121	1	5	AB	CD15	LEP	1	0	0	2	1	8	-137.78907	-88656.742	-113606.73	-1255.7576	-947.12121	-1056142.1	-.34743989	-.34743989	-1.4709511	-1.4709511	-1.3261724	-1.7738561	-1.5726949	-1.6709232
AB_CD15_08dpf_VAST02_plate02_LEP_210902_G02	6.6333333	210902	2	5	12	NR499	18.347218	3	02-sep-2021 14:38:43	4411	572366.65	622	0	.00054668	.99945337	.5	2	3	G02	3916.3964	908790.89	0	0	1.343e+09	6557.0909	16617.528	3845.6046	1300216.7	0	0	1.379e+09	6732.2142	15097.342	4025.3009	954369.51	0	0	1.402e+09	6845.3617	16789.191	3850.1398	1277397.5	0	0	1.364e+09	6660.0285	15059.81	9/2/2021 4:38	3916.3964	908790.89	1300216.7	1	5	AB	CD15	LEP	1	0	0	2	1	8	-99.29179	-60576.574	-32781.811	-803.75758	-325.12121	-494556.94	-.09550585	-.09550585	-.7626835	-.72673011	-.46587588	-.62402876	-.68279428	-1.0709086
AB_CD15_08dpf_VAST02_plate02_LEP_210902_G03	6.9	210902	2	5	11	NR507	17.071147	3	02-sep-2021 14:54:19	5637	1677792.5	1504	0	.00030252	.99969745	.76666667	4	4	G03	4325.8469	1046095	0	0	1.476e+09	7204.776	16895.915	3977.5975	1440930.2	0	0	1.382e+09	6749.3656	15144.678	4101.6536	1030304	0	0	1.458e+09	7117.1832	16836.185	4030.5615	1442395.6	0	0	1.367e+09	6675.3795	15052.997	9/2/2021 4:54	4325.8469	1046095	1440930.2	1	5	AB	CD15	LEP	1	0	0	2	1	8	310.15879	-69303.882	-75757.431	422.24242	556.87879	610868.93	1.0990663	1.0990663	.72673011	-1.0043345	.6574843	-.91785334	.82296778	.7164975
AB_CD15_08dpf_VAST02_plate02_LEP_210902_G04	7.15	210902	2	5	10	NR515	12.894914	3	02-sep-2021 15:09:51	3730	100372.16	100	0	.0015681	.99843186	1.0166667	1	1	G04	3794.4022	869283.45	0	0	1.324e+09	6462.4981	16782.622	3714.0705	1180378.4	0	0	1.271e+09	6207.4906	14890.286	3911.2613	857320.56	0	0	1.332e+09	6506.1108	16974.01	3711.2551	1174397	0	0	1.269e+09	6194.8552	14915.895	9/2/2021 5:09	3794.4022	869283.45	1180378.4			AB	CD15	LEP	1	0	0	2	1	8	-221.2859	-56574.572	-97890.653	-1484.7576	-847.12121	-966551.43	-1.0505218	-1.0505218	-1.3261724	-.6574843	-1.6554853	-1.3949084	-2.1497001	-2.1497001
AB_CD15_08dpf_VAST02_plate02_LEP_210902_H01	6.3833333	210902	2	5	11	NR492	19.739296	3	02-sep-2021 14:23:30	5045	2073213.1	1908	0	.00009531	.99990463	.25	4	4	H01	3757.4292	907564.7	0	0	1.380e+09	6736.8995	17005.498	3816.2511	1341369	0	0	1.417e+09	6919.5757	15791.111	3749.222	922907.1	0	0	1.381e+09	6744.2283	16942.086	3670.3299	1342116.7	0	0	1.431e+09	6985.0252	15785.493	9/2/2021 4:23	3757.4292	907564.7	1341369	1	5	AB	CD15	LEP	1	0	0	2	1	8	-258.2589	-5106.826	79686.901	-169.75758	960.87879	1006289.5	-1.2631877	-1.2631877	-.79965098	.15041807	-.09550585	1.3261724	.02638862	-.2397471
AB_CD15_08dpf_VAST02_plate02_LEP_210902_H02	6.6666667	210902	2	5	10	NR500	19.507283	3	02-sep-2021 14:40:31	3814	851544.03	528	0	.00185115	.99814892	.53333333	2	3	H02	3765.8132	876221.92	0	0	1.288e+09	6290.6246	16250.951	3714.2597	1235258.2	0	0	1.261e+09	6158.8302	14583.095	3752.2361	868027.34	0	0	1.267e+09	6184.2655	16074.448	3724.3633	1254697.9	0	0	1.281e+09	6254.8873	14689.687	9/2/2021 4:40	3765.8132	876221.92	1235258.2	1	5	AB	CD15	LEP	1	0	0	2	1	8	-249.87497	-39439.745	-30185.166	-1400.7576	-419.12121	-215379.56	-1.1503494	-1.1503494	-1.1503494	-.43571506	-1.0505218	-.52752928	-1.7885693	-1.9379315
AB_CD15_08dpf_VAST02_plate02_LEP_210902_H03	6.9333333	210902	2	5	12	NR508	13.126927	3	02-sep-2021 14:56:37	4331	880948.64	947	0	.00079051	.9992094	.8	2	3	H03	3811.6246	906787.11	0	0	1.235e+09	6028.896	15608.913	3620.201	1232865.6	0	0	1.188e+09	5803.0193	14436.945	3817.8495	892222.29	0	0	1.229e+09	6002.3663	15623.116	3636.8215	1256312.9	0	0	1.225e+09	5979.2993	14577.024	9/2/2021 4:56	3811.6246	906787.11	1232865.6	0	1	AB	CD15	LEP	1	0	0	2	1	8	-204.06355	-25213.296	-53129.82	-883.75758	-.12121212	-185974.96	-.91785334	-.91785334	-.83774504	-.17803479	-1.0990663	-.79965098	-.98156177	-1.2237339
AB_CD15_08dpf_VAST02_plate02_LEP_210902_H04	7.1833333	210902	2	5	11	NR516	14.402998	3	02-sep-2021 15:11:25	4367	23807.133	18	1	.55776018	.44223982	1.05	1	1	H04	3774.4519	963222.05	0	0	1.511e+09	7376.8698	17979.427	3772.2881	1185103.8	0	0	1.527e+09	7456.3507	17125.867	3783.7309	1014243.8	0	0	1.540e+09	7521.3719	18017.4	3795.9783	1202719.1	0	0	1.500e+09	7323.0683	16815.12	9/2/2021 5:11	3774.4519	963222.05	1185103.8	1	5	AB	CD15	LEP	1	0	0	2	1	8	-241.23629	44479.374	-84215.099	-847.75758	-929.12121	-1043116.5	-1.0990663	-1.0990663	-.17803479	.69169254	-1.5566011	-1.0990663	-.78649261	-1.1189584
