filename	tod	date	plate	batch	tank	wtKITA1	nwtKITA1	wtKITA5	nwtKITA5	mc4r_dich	index	wt_guide	Intestine_area	Food_fluo	Food_area	AutoFlo	AutoFloProb_1	AutoFloProb_2	f_batch	Food_fluo_cat	Food_fluo_cat_all	Length_1_1	Area_1_1	Border_1_1	Border_size_1_1	BodyPigm_Total_1_1	BodyPigm_Average_1_1	BodyPigm_Stdev_1_1	Length_1_4	Area_1_4	Border_1_4	Border_size_1_4	BodyPigm_Total_1_4	BodyPigm_Average_1_4	BodyPigm_Stdev_1_4	Length_1_7	Area_1_7	Border_1_7	Border_size_1_7	BodyPigm_Total_1_7	BodyPigm_Average_1_7	BodyPigm_Stdev_1_7	Length_1_10	Area_1_10	Border_1_10	Border_size_1_10	BodyPigm_Total_1_10	BodyPigm_Average_1_10	BodyPigm_Stdev_1_10	Date	length	dorsal_area	lateral_area	qRNA	line	diet	Exp	filename9	filename10	overfeeding	cholesterol	glucose	VAST	Imaged	age	length_Res	dorsal_area_Res	lateral_area_Res	Intestine_area_Res	Food_area_Res	Food_fluo_Res	intlength	intlength_Res	intdorsal_area	intdorsal_area_Res	intlateral_area	intlateral_area_Res	intIntestine_area	intIntestine_area_Res
ABs_CD15_08dpf_vast01_plate01_mc4r_211116_1030_W_A02	2.5	211116	1	3	5	0	1				NT797	k5										4228.419	1087755.7	1	7	1.522e+09	7430.5605	16831.728	4037.0081	1478852.5	0	0	1.626e+09	7939.0851	15719.197	4232.7206	1125080	0	0	1.557e+09	7604.6379	16903.883	4079.8195	1476011.4	0	0	1.614e+09	7880.3106	15595.526	11/30/2021 9:24	4228.419	1087755.7	1478852.5		ABs	CD15	mc4r	W	A02	1	0	0	1	1	8	180.04511	-41886.521	-42071.851				.91697655	.91697655	.3325995	-.6308035	.35131491	-.54681325		
ABs_CD15_08dpf_vast01_plate01_mc4r_211116_1030_W_A04	2.5	211116	1	3	5	.96977294	.03022706	0	1	0	NT813	k5	4559	8027.4013	254	0	.06366758	.93633246	1	2	2																																	1	ABs	CD15	mc4r	W	A04	1	0	0	1	1	8				-862.69565	52.869565	633.17424							-.81125623	-.59825638
ABs_CD15_08dpf_vast01_plate01_mc4r_211116_1030_W_B01	2.5	211116	1	3	6	0	1	0	1		NT790	k5	6303	11870.03	357	0	.00681118	.99318886	1	3	3	4102.277	1078992.9	0	0	1.439e+09	7026.9782	16130.496	3970.7682	1442276	0	0	1.496e+09	7305.9928	15055.582	4189.7621	1080817.3	0	0	1.436e+09	7010.3908	16133.354	3956.0841	1451756.6	0	0	1.525e+09	7447.8926	15217.794	11/30/2021 9:24	4102.277	1078992.9	1442276		ABs	CD15	mc4r	W	B01	1	0	0	1	1	8	53.903163	580.36053	-8803.3795	881.30435	155.86957	4475.8028	.25881932	.25881932	.25881932	.02648156	.07066802	-.11499296	.53969995	.70077457
ABs_CD15_08dpf_vast01_plate01_mc4r_211116_1030_W_B02	2.5	211116	1	3	6	.96392679	.03607321	0	1	0	NT798	k5	4350	3399.8334	74	0	.27919289	.72080708	1	1	1	3484.6925	844550.17	0	0	1.101e+09	5375.3253	14158.476	3434.7277	1104384.2	0	0	1.147e+09	5598.3793	13321.851	3698.6584	865784.3	0	0	1.127e+09	5503.149	14300.442	3450.9372	1102589.7	0	0	1.145e+09	5590.0283	13282.658	11/30/2021 9:24	3484.6925	844550.17	1104384.2	1	ABs	CD15	mc4r	W	B02	1	0	0	1	1	8	-563.68138	16955.602	-4737.6208	-1071.6957	-127.13043	-3994.3937	-2.1059204	-2.1059204	-1.9660246	.35131491	-2.1059204	-.07951913	-.98524588	-.83454576
ABs_CD15_08dpf_vast01_plate01_mc4r_211116_1030_W_B03	2.5	211116	1	3	6			.72020202	.27979798		NT806	k5	2962	5026.502	162	0	.43816391	.56183612	1	1	2																																		ABs	CD15	mc4r	W	B03	1	0	0	1	1	8				-2459.6957	-39.130435	-2367.725							-1.9921225	-1.7937838
ABs_CD15_08dpf_vast01_plate01_mc4r_211116_1030_W_B04	2.5	211116	1	3	6	1	0	.01453703	.98546297	0	NT814	k5	6196	5760.2036	147	0	.0184226	.98157746	1	1	2	4063.6493	1066461.8	0	0	1.534e+09	7490.2042	17100.39	3945.7325	1453969.7	0	0	1.605e+09	7838.3165	15869.632	4137.8494	1087217.4	0	0	1.559e+09	7611.0166	17179.597	3956.0841	1447061.2	0	0	1.579e+09	7709.7656	15698.507	11/30/2021 9:24	4063.6493	1066461.8	1453969.7	1	ABs	CD15	mc4r	W	B04	1	0	0	1	1	8	15.275394	3737.0273	24278.607	774.30435	-54.130435	-1634.0235	.02648156	.02648156	.13278149	.13278149	.20441633	.37015419	.42769365	.63845305
ABs_CD15_08dpf_vast01_plate01_mc4r_211116_1030_W_C01	2.5	211116	1	3	5	0	1	.42242356	.57757644		NT791	k5	7895	9410.9531	250	0	.00915589	.99084407	1	3	2	4442.9008	1186688.8	0	0	1.691e+09	8255.1332	17680.938	4304.5872	1613136	0	0	1.758e+09	8582.4857	16333.33	4502.6946	1218809.2	0	0	1.726e+09	8426.1089	17737.296	4315.523	1609218.1	0	0	1.735e+09	8470.2571	16128.228	11/30/2021 9:24	4442.9008	1186688.8	1613136		ABs	CD15	mc4r	W	C01	1	0	0	1	1	8	394.52696	-30060.366	-26547.366	2473.3043	48.869565	2016.726	1.7655892	1.7655892	1.1589443	-.44692449	1.3529978	-.38912579	1.4792525	1.7937838
ABs_CD15_08dpf_vast01_plate01_mc4r_211116_1030_W_C03	2.5	211116	1	3	5	0	1	.91671164	.08328836	1	NT807	k5	5574	12329.648	358	0	.00362798	.9963721	1	4	3	4080.9995	1020135.5	0	0	1.456e+09	7107.3406	16609.929	3823.0474	1381414.8	0	0	1.525e+09	7447.9038	15552.942	3950.9855	1026356.2	0	0	1.435e+09	7007.8906	16471.252	3856.4615	1379082	0	0	1.523e+09	7434.8101	15533.525	11/30/2021 9:24	4080.9995	1020135.5	1381414.8	4	ABs	CD15	mc4r	W	C03	1	0	0	1	1	8	32.625638	-49635.676	-57883.184	152.30435	156.86957	4935.4207	.15061213	.15061213	-.35131491	-.7425627	-.27711717	-.69681993	-.11646406	.06644962
ABs_CD15_08dpf_vast01_plate01_mc4r_211116_1030_W_C04	2.5	211116	1	3	5	.32777862	.67222138	.95151708	.04848292		NT815	k5	4711	1462.0496	0	1	.99999523	4.793e-06	1	1	1	4021.8557	1056562.5	0	0	1.670e+09	8152.6937	18610.992	4075.5435	1402499.4	1	5	1.669e+09	8151.0202	16250.45	4016.58	1058596.2	0	0	1.677e+09	8189.1382	18613.846	4063.6493	1416884.8	1	7	1.693e+09	8268.7112	16356.465	11/30/2021 9:24	4021.8557	1056562.5	1402499.4		ABs	CD15	mc4r	W	C04	1	0	0	1	1	8	-26.518131	10811.23	-4050.5844	-710.69565	-201.13043	-5932.1775	-.31399988	-.31399988	.04414511	.27711717	-.13278149	-.04414511	-.65894082	-.53969995
ABs_CD15_08dpf_vast01_plate01_mc4r_211116_1030_W_D01	2.5	211116	1	3	6	.08515304	.91484696	.94532251	.05467749	1	NT792	k5	4491	8471.8779	278	0	.20400761	.79599237	1	2	2	4031.003	1086738.9	0	0	1.519e+09	7414.6542	16940.75	3981.434	1453102.4	0	0	1.533e+09	7486.8	15086.025	4183.7689	1106507.6	0	0	1.536e+09	7498.4145	16943.32	3981.5542	1445087.3	0	0	1.514e+09	7390.5624	14953.507	11/30/2021 9:24	4031.003	1086738.9	1453102.4	4	ABs	CD15	mc4r	W	D01	1	0	0	1	1	8	-17.370882	37272.674	41487.596	-930.69565	76.869565	1077.6509	-.25881932	-.25881932	.31399988	.69681993	.18642349	.56742932	-.90731847	-.65894082
ABs_CD15_08dpf_vast01_plate01_mc4r_211116_1030_W_D02	2.5	211116	1	3	6	0	1	.94628554	.05371446	1	NT800	k5	6592	9980.3642	304	0	.03477595	.96522409	1	3	3	4072.8422	1128579.1	1	8	1.537e+09	7504.4894	16695.286	4080.7467	1566510.6	0	0	1.648e+09	8047.9407	15582.814	4066.2942	1144519.7	1	9	1.561e+09	7621.9176	16782.784	4069.6908	1556551.5	0	0	1.629e+09	7956.4906	15480.774	11/30/2021 9:24	4072.8422	1128579.1	1566510.6	4	ABs	CD15	mc4r	W	D02	1	0	0	1	1	8	24.468297	62120.847	131729.38	1170.3043	102.86957	2586.1371	.06182245	.06182245	.60940878	1.1250605	.91697655	1.555957	.74387245	.90731847
ABs_CD15_08dpf_vast01_plate01_mc4r_211116_1030_W_D03	2.5	211116	1	3	6	0	1	.94430772	.05569228	1	NT808	k5	5242	9410.114	277	0	.01088113	.98911881	1	3	2	4157.4371	1068495.5	0	0	1.523e+09	7436.0864	16877.875	3882.9511	1450141.6	0	0	1.569e+09	7661.5522	15424.063	3991.0074	1054708.3	0	0	1.461e+09	7133.7645	16477.691	3943.348	1452025.8	0	0	1.567e+09	7650.6923	15424.806	11/30/2021 9:24	4157.4371	1068495.5	1450141.6	4	ABs	CD15	mc4r	W	D03	1	0	0	1	1	8	109.06327	-32319.104	-31480.022	-179.69565	75.869565	2015.887	.54681325	.54681325	.15061213	-.46651758	.1684908	-.46651758	-.23453517	-.13319428
ABs_CD15_08dpf_vast01_plate01_mc4r_211116_1030_W_D04	2.5	211116	1	3	6	1	0	0	1	0	NT816	k5	6177	3184.0743	29	0	.13433574	.8656643	1	1	1	4037.1378	1079142.5	0	0	1.556e+09	7598.5704	17199.014	3990.3217	1444369.5	0	0	1.590e+09	7764.4611	15714.98	4065.4005	1086439.8	0	0	1.563e+09	7633.5532	17188.459	3995.5572	1436055.3	0	0	1.561e+09	7621.325	15528.888	11/30/2021 9:24	4037.1378	1079142.5	1444369.5	1	ABs	CD15	mc4r	W	D04	1	0	0	1	1	8	-11.236079	27184.726	29357.835	755.30435	-172.13043	-4210.1528	-.15061213	-.15061213	.27711717	.56742932	.11499296	.42750151	.409573	.59825638
ABs_CD15_08dpf_vast01_plate01_mc4r_211116_1030_W_E01	2.5	211116	1	3	5	.039423	.960577	.93431385	.06568615	1	NT793	k5	4760	2297.647	29	1	.91855258	.08144737	1	1	1																																	4	ABs	CD15	mc4r	W	E01	1	0	0	1	1	8				-661.69565	-172.13043	-5096.5801							-.59825638	-.46436801
ABs_CD15_08dpf_vast01_plate01_mc4r_211116_1030_W_E02	2.5	211116	1	3	5	1	0	0	1	0	NT801	k5	4210	6556.1886	154	0	.07009844	.9299016	1	1	2	3544.8301	839705.2	0	0	1.115e+09	5443.2365	14624.435	3511.2825	1120175.2	0	0	1.157e+09	5647.8142	13435.659	3604.6074	849245.61	0	0	1.121e+09	5474.2274	14633.314	3467.4635	1121939.7	0	0	1.169e+09	5705.8454	13522.392	11/30/2021 9:24	3544.8301	839705.2	1120175.2	1	ABs	CD15	mc4r	W	E02	1	0	0	1	1	8	-503.54378	-12312.896	-22244.898	-1211.6957	-47.130435	-838.03842	-1.7655892	-1.7655892	-2.1059204	-.11499296	-1.7655892	-.29550827	-1.0696693	-1.0125853
ABs_CD15_08dpf_vast01_plate01_mc4r_211116_1030_W_E03	2.5	211116	1	3	5	.00677241	.99322759	.91731907	.08268093	1	NT809	k5	7184	10308.968	291	0	.00066152	.99933845	1	3	3	4237.2685	1215011	1	8	1.728e+09	8438.8776	17756.956	4136.8193	1535616.5	0	0	1.817e+09	8873.4932	16875.161	4238.747	1210943.6	1	7	1.726e+09	8429.9302	17782.812	4113.8124	1541209.1	0	0	1.852e+09	9043.6995	17087.36	11/30/2021 9:24	4237.2685	1215011	1535616.5	4	ABs	CD15	mc4r	W	E03	1	0	0	1	1	8	188.89467	81774.68	9792.0491	1762.3043	89.869565	2914.7412	.97212993	.97212993	1.4470343	1.3529978	.69681993	.11499296	1.1957655	1.3444344
ABs_CD15_08dpf_vast01_plate01_mc4r_211116_1030_W_E04	2.5	211116	1	3	5	0	1	.9271025	.0728975	1	NT817	k5	5662	1346.3351	0	1	.99958676	.00041331	1	1	1	3750.7054	937322.39	0	0	1.338e+09	6531.9196	16091.78	3779.7728	1282780.8	0	0	1.425e+09	6956.9765	14843.426	3784.0312	955476.07	0	0	1.348e+09	6581.3172	16041.588	3778.8588	1288612.7	0	0	1.428e+09	6972.9053	14833.546	11/30/2021 9:24	3750.7054	937322.39	1282780.8	4	ABs	CD15	mc4r	W	E04	1	0	0	1	1	8	-297.66844	1692.6811	26367.171	240.30435	-201.13043	-6047.8919	-1.269605	-1.269605	-1.1250605	.04414511	-.89042181	.38912579	-.03320648	.16677172
ABs_CD15_08dpf_vast01_plate01_mc4r_211116_1030_W_F01	2.5	211116	1	3	6	.05823212	.94176788	.91977732	.08022268	1	NT794	k5	2710	1165.1249	6	0	.01585105	.98414892	1	1	1	3567.8428	851907.35	0	0	1.136e+09	5548.4825	14549.292	3413.3631	1106986.1	0	0	1.171e+09	5716.2882	13507.366	3546.3863	859593.51	0	0	1.144e+09	5585.8497	14575.508	3402.9865	1113087.2	0	0	1.177e+09	5745.1388	13534.737	11/30/2021 9:24	3567.8428	851907.35	1106986.1	4	ABs	CD15	mc4r	W	F01	1	0	0	1	1	8	-480.53101	-9456.8604	-48176.191	-2711.6957	-195.13043	-6229.1022	-1.6181336	-1.6181336	-1.8565143	-.06182245	-1.9660246	-.6308035	-2.1307156	-1.9921225
ABs_CD15_08dpf_vast01_plate01_mc4r_211116_1030_W_F03	2.5	211116	1	3	6	0	1	.93725231	.06274769	1	NT810	k5	5890	6044.1572	151	0	.0330506	.9669494	1	1	2	4139.8474	1146882.3	0	0	1.619e+09	7905.645	17156.862	4130.0795	1558764.6	0	0	1.722e+09	8405.8297	16036.742	4393.5714	1180797.1	0	0	1.663e+09	8120.9369	17296.287	4129.616	1556222.5	0	0	1.714e+09	8368.0491	15977.303	11/30/2021 9:24	4139.8474	1146882.3	1558764.6	4	ABs	CD15	mc4r	W	F03	1	0	0	1	1	8	91.473505	53211.421	86882.507	468.30435	-50.130435	-1350.0698	.42750151	.42750151	.78991491	1.0008457	.7542415	1.0609065	.14996187	.35598165
ABs_CD15_08dpf_vast01_plate01_mc4r_211116_1030_W_G01	2.5	211116	1	3	5	0	1				NT795	k5	5386	8544.5089	255	0	.00961561	.99038434	1	2	2	3997.3121	973569.95	0	0	1.506e+09	7354.9608	17668.732	3795.7065	1375582.9	0	0	1.519e+09	7415.0016	15607.558	3994.9172	974885.86	0	0	1.498e+09	7313.7935	17576.381	3801.7883	1351417.8	0	0	1.484e+09	7244.6558	15388.689	11/30/2021 9:24	3997.3121	973569.95	1375582.9		ABs	CD15	mc4r	W	G01	1	0	0	1	1	8	-51.061757	-62213.485	-17377.241	-35.695652	53.869565	1150.2819	-.44692449	-.44692449	-.65249095	-1.0008457	-.3325995	-.24060773	-.18362884	-.06644962
ABs_CD15_08dpf_vast01_plate01_mc4r_211116_1030_W_G02	2.5	211116	1	3	5	1	0	0	1	0	NT803	k5	8092	12031.553	309	0	.00126062	.99873942	1	3	3	4523.215	1272133.8	0	0	1.771e+09	8648.6462	17790.472	4234.522	1657996.8	0	0	1.804e+09	8807.3651	16480.869	4540.2516	1284306	0	0	1.773e+09	8657.9211	17763.141	4223.9147	1664606.3	0	0	1.827e+09	8921.1451	16636.514	11/30/2021 9:24	4523.215	1272133.8	1657996.8	1	ABs	CD15	mc4r	W	G02	1	0	0	1	1	8	474.84114	22766.795	-26156.62	2670.3043	107.86957	4637.3259	2.6948395	2.6948395	1.9660246	.48629142	1.8565143	-.37015419	1.7163789	1.8837216
ABs_CD15_08dpf_vast01_plate01_mc4r_211116_1030_W_G03	2.5	211116	1	3	5	.92383943	.07616057	0	1	0	NT811	k5	6682	12555.868	327	0	.00106929	.99893075	1	4	3	4087.1032	1137880.2	1	7	1.661e+09	8109.9973	17755.235	4063.6493	1570907	0	0	1.785e+09	8716.2163	16741.17	4108.2981	1156572.3	1	3	1.696e+09	8282.8594	17915.17	4085.5991	1557957.2	0	0	1.762e+09	8605.9213	16644.589	11/30/2021 9:24	4087.1032	1137880.2	1570907	1	ABs	CD15	mc4r	W	G03	1	0	0	1	1	8	38.729301	65630.21	128229.4	1260.3043	125.86957	5161.6409	.1684908	.1684908	.69681993	1.2310348	.94419419	1.4470343	.83454576	.98524588
ABs_CD15_08dpf_vast01_plate01_mc4r_211116_1030_W_H02	2.5	211116	1	3	6	.08369748	.91630252	1	0	1	NT804	k5	3435	8328.0367	208	0	.03359814	.96640188	1	2	2	3901.6149	926226.81	0	0	1.297e+09	6333.8439	15760.48	3681.5087	1220573.7	0	0	1.324e+09	6465.7143	14282.321	3865.153	923834.23	0	0	1.289e+09	6295.9737	15653.896	3675.6876	1210225.8	0	0	1.313e+09	6413.5339	14217.473	11/30/2021 9:24	3901.6149	926226.81	1220573.7	4	ABs	CD15	mc4r	W	H02	1	0	0	1	1	8	-146.75895	-70691.374	-119398.7	-1986.6957	6.8695652	933.80963	-.89042181	-.89042181	-1.269605	-1.3101626	-1.269605	-1.499273	-1.7163789	-1.5307637
ABs_CD15_08dpf_vast01_plate01_mc4r_211116_1030_W_H03	2.5	211116	1	3	6	1	0	0	1	0	NT812	k5	5636	12555.784	406	0	.00551201	.99448806	1	4	3	4178.1035	1146224.4	0	0	1.653e+09	8072.1346	17591.794	3998.4978	1531100.5	0	0	1.726e+09	8429.6152	16588.765	4330.7701	1178883.1	0	0	1.712e+09	8358.1168	17867.401	4014.7926	1516416	0	0	1.709e+09	8347.0701	16529.804	11/30/2021 9:24	4178.1035	1146224.4	1531100.5	1	ABs	CD15	mc4r	W	H03	1	0	0	1	1	8	129.72967	37016.586	38035.82	214.30435	204.86957	5161.5565	.69681993	.69681993	.76602408	.67448975	.67448975	.50625727	-.06644962	.09976638
ABs_CD15_08dpf_vast01_plate01_mc4r_211116_1230_W_A05	4.5	211116	1	3	5	.03771983	.96228017	.91844669	.08155331	1	NT818	k5	6350	7862.4189	212	0	.06855285	.93144709	3	2	2	3965.5829	979252.32	0	0	1.435e+09	7007.72	16834.979	3730.846	1271356.2	0	0	1.466e+09	7157.0332	15426.061	4044.3061	980269.17	0	0	1.435e+09	7005.4775	16821.569	3719.9119	1276889	0	0	1.470e+09	7175.497	15439.628	11/30/2021 9:24	3965.5829	979252.32	1271356.2	4	ABs	CD15	mc4r	W	A05	1	0	0	1	1	8	-82.790952	-43645.017	-104035.42	344.24242	-30.30303	-1376.503	-.6308035	-.6308035	-.60940878	-.65249095	-1.0304114	-1.2310348	.55900407	.26880536
ABs_CD15_08dpf_vast01_plate01_mc4r_211116_1230_W_A06	4.5	211116	1	3	5			1	0		NT826	k5	6582	10958.859	314	0	.01238026	.98761976	3	3	3	4155.4476	1088772.6	1	2	1.654e+09	8078.5992	18183.475	4129.5183	1490875.2	0	0	1.735e+09	8469.5623	16776.423	4168.9239	1108451.5	1	9	1.673e+09	8171.2285	18202.859	4135.3008	1486209.7	0	0	1.716e+09	8378.2429	16641.778	11/30/2021 9:24	4155.4476	1088772.6	1490875.2		ABs	CD15	mc4r	W	A06	1	0	0	1	1	8	107.07374	-11234.004	10355.225	576.24242	71.69697	1719.937	.52642702	.52642702	.35131491	-.09724075	.40823849	.15061213	.72215583	.46436801
ABs_CD15_08dpf_vast01_plate01_mc4r_211116_1230_W_A08	4.5	211116	1	3	5	.08838211	.91161789	.94149193	.05850807	1	NT842	k5	6436	12191.155	254	0	.04486993	.9551301	3	4	3	4043.0377	1104025.3	0	0	1.567e+09	7650.3138	17123.163	3889.3925	1489170.5	0	0	1.664e+09	8124.2751	16173.747	4235.0199	1133633.4	0	0	1.602e+09	7821.876	17244.452	3981.434	1495331.4	0	0	1.659e+09	8101.2454	16126.027	11/30/2021 9:24	4043.0377	1104025.3	1489170.5	4	ABs	CD15	mc4r	W	A08	1	0	0	1	1	8	-5.3361921	49671.433	70892.083	430.24242	11.69697	2952.2333	-.09724075	-.09724075	.43719239	.97212993	.37015419	.94419419	.63845305	.30339428
ABs_CD15_08dpf_vast01_plate01_mc4r_211116_1230_W_A09	4.5	211116	1	3	5	0	1	.94552242	.05447758	1	NT850	k5	2975	761.87557	0	1	.99946171	.00053833	3	1	1	3341.7687	774028.93	0	0	1.049e+09	5121.5019	14170.042	3337.0848	1007544.6	0	0	1.086e+09	5302.2133	13123.601	3363.4991	762484.74	0	0	1.037e+09	5064.7208	14100.062	3342.6993	999499.51	0	0	1.084e+09	5294.4711	13176.795	11/30/2021 9:24	3341.7687	774028.93	1007544.6	4	ABs	CD15	mc4r	W	A09	1	0	0	1	1	8	-706.60513	4479.6107	-22440.097	-3030.7576	-242.30303	-8477.0464	-2.6948395	-2.6948395	-2.6948395	.1684908	-2.6948395	-.31399988	-1.8837216	-2.1307156
ABs_CD15_08dpf_vast01_plate01_mc4r_211116_1230_W_B05	4.5	211116	1	3	6			0	1		NT819	k5	4628	10810.615	337	0	.00144689	.9985531	3	3	3	4098.3748	941120.61	0	0	1.314e+09	6413.9933	15819.261	3812.7229	1239624.6	0	0	1.358e+09	6630.7857	14693.508	4076.512	945786.13	0	0	1.307e+09	6381.9353	15723.044	3818.4565	1249194.9	0	0	1.374e+09	6709.0463	14758.877	11/30/2021 9:24	4098.3748	941120.61	1239624.6		ABs	CD15	mc4r	W	B05	1	0	0	1	1	8	50.000945	-135707.16	-209294.08	-1377.7576	94.69697	1571.6928	.2224756	.2224756	-1.0924215	-2.6948395	-1.1589443	-2.3057115	-.72215583	-1.1624983
ABs_CD15_08dpf_vast01_plate01_mc4r_211116_1230_W_B06	4.5	211116	1	3	6	.02470564	.97529436	1	0	1	NT827	k5	7715	12981.944	341	0	.0289511	.97104889	3	4	3	4071.4284	1106627.2	1	10	1.595e+09	7787.7075	17413.968	4091.4474	1506127.9	1	2	1.659e+09	8098.8747	16112.477	4098.7542	1124332.3	1	10	1.608e+09	7851.77	17409.914	4103.0206	1501043.7	1	4	1.644e+09	8028.5169	16010.481	11/30/2021 9:24	4071.4284	1106627.2	1506127.9	4	ABs	CD15	mc4r	W	B06	1	0	0	1	1	8	23.054507	40743.122	72129.502	1709.2424	98.69697	3743.0221	.04414511	.04414511	.48629142	.78991491	.44692449	.97212993	1.3866028	1.2304115
ABs_CD15_08dpf_vast01_plate01_mc4r_211116_1230_W_B07	4.5	211116	1	3	6	0	1	.98421705	.01578295	1	NT835	k5	7540	9794.1032	221	0	.00516721	.99483275	3	3	3	4414.9209	1234211.4	0	0	1.890e+09	9226.9422	19074.047	4250.6262	1607633.1	0	0	1.875e+09	9153.7878	17188.213	4403.7022	1243422.9	0	0	1.891e+09	9233.0158	19018.288	4245.9517	1616784.7	0	0	1.888e+09	9220.7988	17241.87	11/30/2021 9:24	4414.9209	1234211.4	1607633.1	4	ABs	CD15	mc4r	W	B07	1	0	0	1	1	8	366.54704	28825.631	-16557.764	1534.2424	-21.30303	555.18121	1.6181336	1.6181336	1.6872812	.58828945	1.269605	-.2224756	1.3444344	1.1304702
ABs_CD15_08dpf_vast01_plate01_mc4r_211116_1230_W_B08	4.5	211116	1	3	6	.02733651	.97266349	.93242102	.06757898	1	NT843	k5	4199	3860.5974	89	0	.09001032	.90998971	3	1	1	3558.2236	877358.4	0	0	1.296e+09	6326.9385	16249.766	3660.7553	1160609.7	0	0	1.274e+09	6222.2528	14220.293	3830.7647	895003.66	0	0	1.307e+09	6382.9052	16166.005	3655.1057	1174636.2	0	0	1.297e+09	6333.4318	14330.467	11/30/2021 9:24	3558.2236	877358.4	1160609.7	4	ABs	CD15	mc4r	W	B08	1	0	0	1	1	8	-490.15026	19900.827	10773.658	-1806.7576	-153.30303	-5378.3246	-1.6872812	-1.6872812	-1.555957	.44692449	-1.6181336	.1684908	-1.1304702	-1.3045299
ABs_CD15_08dpf_vast01_plate01_mc4r_211116_1230_W_B09	4.5	211116	1	3	5	.06441432	.93558568	.95638705	.04361295	1	NT851	k5	7410	12080.163	317	0	.01109521	.98890477	3	4	3	4023.5805	1163540.6	1	11	1.732e+09	8459.4519	18310.562	4060.3029	1566361.1	1	3	1.769e+09	8636.0569	16748.295	4028.8026	1175234.4	1	6	1.717e+09	8386.0622	18172.22	4021.0191	1559931	0	0	1.764e+09	8612.239	16745.72	11/30/2021 9:24	4028.8026	1175234.4	1566361.1	4	ABs	CD15	mc4r	W	B09	1	0	0	1	1	8	-19.571306	126661.81	155964.64	1404.2424	74.69697	2841.2412	-.27711717	-.27711717	1.0304114	1.8565143	.89042181	1.7655892	1.2666009	1.0696693
ABs_CD15_08dpf_vast01_plate01_mc4r_211116_1230_W_C05	4.5	211116	1	3	5	0	1	.93007245	.06992755	1	NT820	k5	5044	1353.7264	0	1	.99999392	6.068e-06	3	1	1	3967.3925	972164.31	0	0	1.367e+09	6676.3794	16080.643	3781.1849	1303955.1	0	0	1.456e+09	7108.8397	15167.202	3828.6015	993009.64	0	0	1.387e+09	6772.617	16182.27	3797.0497	1309757.1	0	0	1.458e+09	7118.6338	15148.985	11/30/2021 9:24	3967.3925	972164.31	1303955.1	4	ABs	CD15	mc4r	W	C05	1	0	0	1	1	8	-80.981358	-51467.956	-72438.515	-961.75758	-242.30303	-7885.1956	-.60940878	-.60940878	-.67448975	-.81426535	-.76602408	-.86448058	-.39158586	-.70077457
ABs_CD15_08dpf_vast01_plate01_mc4r_211116_1230_W_C06	4.5	211116	1	3	5	0	1	.94517147	.05482853	1	NT828	k5	4970	11698.524	352	0	.0139011	.98609889	3	3	3	4179.2773	1065534.7	0	0	1.490e+09	7277.6664	16637.546	3900.4611	1407912.6	0	0	1.570e+09	7666.0197	15844.844	4168.4827	1083688.4	0	0	1.512e+09	7381.544	16733.42	3932.4115	1410963.1	0	0	1.574e+09	7683.2895	15853.9	11/30/2021 9:24	4179.2773	1065534.7	1407912.6	4	ABs	CD15	mc4r	W	C06	1	0	0	1	1	8	130.90343	-44149.807	-85801.96	-1035.7576	109.69697	2459.6019	.71950311	.71950311	.11499296	-.67448975	-.10611267	-1.0008457	-.42769365	-.78839862
ABs_CD15_08dpf_vast01_plate01_mc4r_211116_1230_W_C07	4.5	211116	1	3	5	0	1	.98778803	.01221197	1	NT836	k5	5129	8502.3177	239	0	.00525302	.99474698	3	2	2	4035.0111	998811.65	0	0	1.379e+09	6731.6128	16050.673	3801.5523	1315977.8	0	0	1.471e+09	7184.8329	15174.109	3855.6084	987506.71	0	0	1.368e+09	6680.9577	16022.641	3839.8259	1311162.7	0	0	1.459e+09	7124.0052	15120.384	11/30/2021 9:24	4035.0111	998811.65	1315977.8	4	ABs	CD15	mc4r	W	C07	1	0	0	1	1	8	-13.362743	-52282.388	-97856.351	-876.75758	-3.3030303	-736.60426	-.20441633	-.20441633	-.50625727	-.83910846	-.67448975	-1.1942137	-.30339428	-.61822984
ABs_CD15_08dpf_vast01_plate01_mc4r_211116_1230_W_C08	4.5	211116	1	3	5	.94330377	.05669623	0	1	0	NT844	k5	4149	8760.1167	261	0	.01815608	.98184389	3	2	2	3770.0676	889680.18	0	0	1.222e+09	5967.8317	15152.445	3680.7288	1182711.2	0	0	1.278e+09	6239.4702	14110.347	3725.5195	908910.52	0	0	1.238e+09	6042.8052	15186.421	3702.4447	1178105.5	0	0	1.270e+09	6201.5788	14066.591	11/30/2021 9:24	3770.0676	889680.18	1182711.2	1	ABs	CD15	mc4r	W	C08	1	0	0	1	1	8	-278.3063	-53813.027	-84423.261	-1856.7576	18.69697	-478.80527	-1.1589443	-1.1589443	-1.4470343	-.89042181	-1.555957	-.97212993	-1.1624983	-1.3444344
ABs_CD15_08dpf_vast01_plate01_mc4r_211116_1230_W_C09	4.5	211116	1	3	5	.94729072	.05270928	0	1	0	NT852	k5	7011	9126.2993	257	0	.00926489	.99073517	3	2	2	4180.5652	1204932.3	1	10	1.868e+09	9119.3939	19246.875	4152.222	1604821.8	0	0	1.841e+09	8988.5109	17029.235	4112.9399	1202300.4	1	12	1.889e+09	9222.1011	19349.64	4124.6123	1590585.9	1	4	1.815e+09	8861.26	16900.755	11/30/2021 9:24	4180.5652	1204932.3	1604821.8	1	ABs	CD15	mc4r	W	C09	1	0	0	1	1	8	132.19132	94724.726	110394.11	1005.2424	14.69697	-112.62261	.7425627	.7425627	1.3529978	1.4470343	1.2310348	1.3101626	1.0125853	.7659457
ABs_CD15_08dpf_vast01_plate01_mc4r_211116_1230_W_D05	4.5	211116	1	3	6	0	1	.9531167	.0468833	1	NT821	k5	4858	13399.187	419	0	.00241458	.99758542	3	4	3	3716.0025	930264.28	0	0	1.258e+09	6144.8625	15297.151	3704.1245	1232865.6	0	0	1.350e+09	6591.9965	14599.105	3775.1847	941688.84	0	0	1.274e+09	6220.6964	15377.001	3730.4732	1221680.3	0	0	1.334e+09	6513.3612	14547.233	11/30/2021 9:24	3716.0025	930264.28	1232865.6	4	ABs	CD15	mc4r	W	D05	1	0	0	1	1	8	-332.37131	8728.362	-4332.9512	-1147.7576	176.69697	4160.2648	-1.3529978	-1.3529978	-1.1589443	.24060773	-1.1942137	-.06182245	-.48293897	-.93266419
ABs_CD15_08dpf_vast01_plate01_mc4r_211116_1230_W_D06	4.5	211116	1	3	6	0	1	.92643123	.07356877	1	NT829	k5	5144	11619.494	343	0	.00959811	.99040192	3	3	3	3971.1787	1064637.5	1	7	1.563e+09	7633.054	17376.841	3939.1744	1472631.8	0	0	1.609e+09	7857.1676	15621.13	3948.6231	1059104.6	1	9	1.558e+09	7606.9077	17343.825	3950.4404	1465992.4	0	0	1.595e+09	7788.7297	15553.487	11/30/2021 9:24	3971.1787	1064637.5	1472631.8	4	ABs	CD15	mc4r	W	D06	1	0	0	1	1	8	-77.19519	39467.522	94141.835	-861.75758	100.69697	2380.5725	-.56742932	-.56742932	.09724075	.76602408	.31399988	1.1589443	-.28605704	-.5785188
ABs_CD15_08dpf_vast01_plate01_mc4r_211116_1230_W_D07	4.5	211116	1	3	6	.95636378	.04363622	0	1	0	NT837	k5	9272	10131.212	134	0	.00323322	.99676681	3	3	3																																	1	ABs	CD15	mc4r	W	D07	1	0	0	1	1	8				3266.2424	-108.30303	892.29039							2.3288399	2.3288399
ABs_CD15_08dpf_vast01_plate01_mc4r_211116_1230_W_D08	4.5	211116	1	3	6	.13956324	.86043676	.94044134	.05955866	1	NT845	k5	3747	3980.2947	100	0	.0426835	.95731646	3	1	1	3997.8395	929815.67	0	0	1.390e+09	6785.1839	16834.396	4337.8358	1276619.9	0	0	1.424e+09	6954.6195	14950.126	4032.7869	940343.02	0	0	1.418e+09	6925.7963	16958.656	4360.1065	1266989.7	0	0	1.406e+09	6865.5214	14799.259	11/30/2021 9:24	3997.8395	929815.67	1276619.9	4	ABs	CD15	mc4r	W	D08	1	0	0	1	1	8	-50.534323	-106181.96	-116632.3	-2258.7576	-142.30303	-5258.6273	-.42750151	-.42750151	-1.1942137	-1.9660246	-1.0008457	-1.3984705	-1.4792525	-1.6480727
ABs_CD15_08dpf_vast01_plate01_mc4r_211116_1230_W_E05	4.5	211116	1	3	5	.95325277	.04674723	0	1	0	NT822	k5	5605	9054.034	269	0	.04441971	.95558023	3	2	2	3807.2556	971087.65	0	0	1.353e+09	6605.0728	16101.223	3718.8143	1310863.6	0	0	1.417e+09	6920.583	15024.209	3759.518	971685.79	0	0	1.360e+09	6638.1929	16159.78	3751.8853	1308800	0	0	1.407e+09	6870.1806	14979.755	11/30/2021 9:24	3807.2556	971087.65	1310863.6	1	ABs	CD15	mc4r	W	E05	1	0	0	1	1	8	-241.11824	12491.357	23138.118	-400.75758	26.69697	-184.88796	-1.0304114	-1.0304114	-.69681993	.29550827	-.71950311	.35131491	-.09976638	-.26880536
ABs_CD15_08dpf_vast01_plate01_mc4r_211116_1230_W_E06	4.5	211116	1	3	5	.95961358	.04038642	0	1	0	NT830	k5	8008	13104.046	393	0	.00146322	.99853683	3	4	3	4506.2799	1189649.7	0	0	1.697e+09	8284.0971	17695.011	4222.385	1553979.5	0	0	1.728e+09	8439.3308	16464.875	4442.9008	1198801.3	0	0	1.709e+09	8346.7726	17745.913	4134.5522	1553949.6	0	0	1.746e+09	8525.0821	16594.263	11/30/2021 9:24	4506.2799	1189649.7	1553979.5	1	ABs	CD15	mc4r	W	E06	1	0	0	1	1	8	457.90601	-52839.517	-120796.95	2002.2424	150.69697	3865.1239	2.3057115	2.3057115	1.2310348	-.86448058	.71950311	-1.555957	1.6480727	1.4792525
ABs_CD15_08dpf_vast01_plate01_mc4r_211116_1230_W_E07	4.5	211116	1	3	5	0	1	1	0	1	NT838	k5	5616	6487.1094	201	0	.01012737	.98987257	3	1	2	3955.1314	1038438.7	0	0	1.454e+09	7101.0901	16468.559	3835.6567	1364487.3	0	0	1.523e+09	7434.9073	15526.406	4105.5782	1062484.1	0	0	1.470e+09	7179.2623	16487.318	3862.9858	1363530.3	0	0	1.515e+09	7399.069	15477.279	11/30/2021 9:24	3955.1314	1038438.7	1364487.3	4	ABs	CD15	mc4r	W	E07	1	0	0	1	1	8	-93.242434	19786.017	-5117.3098	-389.75758	-41.30303	-2751.8126	-.7425627	-.7425627	-.15061213	.42750151	-.44692449	-.09724075	-.08309647	-.25163332
ABs_CD15_08dpf_vast01_plate01_mc4r_211116_1230_W_E08	4.5	211116	1	3	5	.94553395	.05446605	0	1	0	NT846	k5	7138	10361.572	280	0	.00611183	.9938882	3	3	3	4242.1217	1148706.7	0	0	1.663e+09	8118.1516	17618.476	4250.7704	1561964.7	0	0	1.755e+09	8568.7072	16477.687	4290.4322	1169312.7	0	0	1.688e+09	8243.2871	17696.333	4277.8246	1561067.5	0	0	1.749e+09	8541.8613	16435.594	11/30/2021 9:24	4242.1217	1148706.7	1561964.7	1	ABs	CD15	mc4r	W	E08	1	0	0	1	1	8	193.74789	13499.334	33453.08	1132.2424	37.69697	1122.6502	1.0008457	1.0008457	.81426535	.31399988	.83910846	.46651758	1.1304702	.88254262
ABs_CD15_08dpf_vast01_plate01_mc4r_211116_1230_W_F05	4.5	211116	1	3	6	.00561509	.99438491	1	0	1	NT823	k5	5683	14070.27	389	0	.00565333	.99434668	3	4	4	4371.0402	1190576.8	0	0	1.667e+09	8140.8825	17391.1	4114.7283	1561665.6	0	0	1.710e+09	8350.305	16200.802	4454.4941	1217433.5	0	0	1.678e+09	8191.3471	17355.12	4182.507	1561785.3	0	0	1.699e+09	8298.1121	16107.843	11/30/2021 9:24	4371.0402	1190576.8	1561665.6	4	ABs	CD15	mc4r	W	F05	1	0	0	1	1	8	322.66634	3012.1379	-38228.357	-322.75758	146.69697	4831.3484	1.499273	1.499273	1.269605	.09724075	.81426535	-.50625727	-.01660095	-.18362884
ABs_CD15_08dpf_vast01_plate01_mc4r_211116_1230_W_F06	4.5	211116	1	3	6	0	1	.94407882	.05592118	1	NT831	k5	6093	9268.4395	222	0	.02198624	.97801375	3	3	2	3975.4239	991185.3	0	0	1.380e+09	6739.9463	16169.373	3817.2854	1308411.3	0	0	1.467e+09	7164.0333	15360.924	4116.1236	1001862.2	0	0	1.409e+09	6880.6558	16329.59	3818.4565	1303835.4	0	0	1.447e+09	7065.7624	15219.562	11/30/2021 9:24	3975.4239	991185.3	1308411.3	4	ABs	CD15	mc4r	W	F06	1	0	0	1	1	8	-72.949935	-35708.74	-72429.351	87.242424	-20.30303	29.517551	-.50625727	-.50625727	-.52642702	-.54681325	-.7425627	-.83910846	.32082321	.01660095
ABs_CD15_08dpf_vast01_plate01_mc4r_211116_1230_W_F07	4.5	211116	1	3	6	.95546083	.04453917	0	1	0	NT839	k5	8193	9409.5139	170	0	.01160248	.98839754	3	3	2																																	1	ABs	CD15	mc4r	W	F07	1	0	0	1	1	8				2187.2424	-72.30303	170.5919							1.8837216	1.5866904
ABs_CD15_08dpf_vast01_plate01_mc4r_211116_1230_W_F08	4.5	211116	1	3	6	0	1	.95124707	.04875293	1	NT847	k5	4821	11196.423	355	0	.03020533	.96979475	3	3	3	4033.8065	1081056.5	0	0	1.490e+09	7277.761	16467.017	3823.6575	1346871.9	0	0	1.516e+09	7401.4721	15362.89	4099.3927	1069213.3	0	0	1.456e+09	7110.7609	16267.158	3867.2764	1359403.1	0	0	1.523e+09	7438.6401	15393.125	11/30/2021 9:24	4033.8065	1081056.5	1346871.9	4	ABs	CD15	mc4r	W	F08	1	0	0	1	1	8	-14.567361	30451.714	-66295.187	-1184.7576	112.69697	1957.5011	-.2224756	-.2224756	.29550827	.60940878	-.48629142	-.76602408	-.53969995	-.95862371
ABs_CD15_08dpf_vast01_plate01_mc4r_211116_1230_W_G05	4.5	211116	1	3	5	0	1	.95467723	.04532277	1	NT824	k5	4949	8526.2032	248	0	.07963103	.92036897	3	2	2	3807.668	911063.84	0	0	1.280e+09	6251.4844	15785.835	3632.3041	1229216.9	0	0	1.333e+09	6510.7115	14535.389	3825.9447	921262.21	0	0	1.299e+09	6341.0992	15864.55	3642.52	1235347.9	0	0	1.355e+09	6613.816	14673.387	11/30/2021 9:24	3807.668	911063.84	1229216.9	4	ABs	CD15	mc4r	W	G05	1	0	0	1	1	8	-240.70586	-47699.926	-58736.947	-1056.7576	5.6969697	-712.71877	-1.0008457	-1.0008457	-1.3529978	-.71950311	-1.2310348	-.71950311	-.44595585	-.81125623
ABs_CD15_08dpf_vast01_plate01_mc4r_211116_1230_W_G07	4.5	211116	1	3	5	.01174757	.98825243	.95798115	.04201885	1	NT840	k5	5949	9368.1431	281	0	.00693799	.99306196	3	3	2	4003.054	1029616.1	0	0	1.528e+09	7460.6326	17315.525	4014.5989	1447001.3	1	2	1.637e+09	7995.2822	16039.746	3974.9236	1038020	1	8	1.545e+09	7542.1679	17361.027	4020.0669	1441378.8	0	0	1.616e+09	7890.1819	15884.771	11/30/2021 9:24	4003.054	1029616.1	1447001.3	4	ABs	CD15	mc4r	W	G07	1	0	0	1	1	8	-45.319832	-8499.2954	50861.903	-56.757576	38.69697	129.22114	-.38912579	-.38912579	-.29550827	-.04414511	.13278149	.71950311	.22601204	-.08309647
ABs_CD15_08dpf_vast01_plate01_mc4r_211116_1230_W_G08	4.5	211116	1	3	5	0	1	1	0	1	NT848	k5	3708	9644.1633	269	0	.00762244	.99237752	3	3	3	3468.4337	858965.45	0	0	1.174e+09	5733.9004	14921.069	3522.5925	1107195.4	0	0	1.236e+09	6035.083	14236.605	3562.0081	862374.88	0	0	1.176e+09	5740.8568	14943.578	3511.3634	1114313.4	0	0	1.245e+09	6080.6008	14271.05	11/30/2021 9:24	3468.4337	858965.45	1107195.4	4	ABs	CD15	mc4r	W	G08	1	0	0	1	1	8	-579.94016	37974.019	7076.1698	-2297.7576	26.69697	405.24139	-2.3057115	-2.3057115	-1.6872812	.7425627	-1.8565143	.09724075	-1.5307637	-1.7163789
ABs_CD15_08dpf_vast01_plate01_mc4r_211116_1230_W_H05	4.5	211116	1	3	6	.22588727	.77411273	.90730145	.09269855	1	NT825	k5	7736	7287.2375	133	0	.02294276	.97705722	3	2	2	4457.5144	1269771.1	0	0	2.037e+09	9948.246	20207.345	4485.4553	1700853.9	1	2	1.968e+09	9607.435	17552.528	4490.4965	1285562.1	1	8	2.075e+09	10133.719	20322.699	4491.1758	1696158.4	1	1	1.944e+09	9494.422	17379.752	11/30/2021 9:24	4457.5144	1269771.1	1700853.9	4	ABs	CD15	mc4r	W	H05	1	0	0	1	1	8	409.1405	47086.953	53078.991	1730.2424	-109.30303	-1951.6844	1.8565143	1.8565143	1.8565143	.89042181	2.1059204	.7425627	1.4313921	1.3045299
ABs_CD15_08dpf_vast01_plate01_mc4r_211116_1230_W_H06	4.5	211116	1	3	6	1	0	.10086941	.89913059	0	NT833	k5	6398	6680.6333	132	0	.05223539	.94776464	3	1	2	4020.874	1078125.6	0	0	1.528e+09	7461.8566	16918.349	3917.4729	1454896.9	0	0	1.596e+09	7792.3144	15887.493	4006.2653	1089310.9	0	0	1.523e+09	7436.8758	16867.187	3971.1598	1450380.9	0	0	1.588e+09	7751.5816	15840.511	11/30/2021 9:24	4020.874	1078125.6	1454896.9	1	ABs	CD15	mc4r	W	H06	1	0	0	1	1	8	-27.499826	32773.034	48890.443	392.24242	-110.30303	-2558.2887	-.3325995	-.3325995	.24060773	.6308035	.2224756	.67448975	.59825638	.28605704
ABs_CD15_08dpf_vast01_plate01_mc4r_211116_1230_W_H07	4.5	211116	1	3	6	1	0	0	1	0	NT841	k5	9722	15866.333	391	0	.00680522	.99319482	3	4	4	4337.8358	1335776.4	1	11	2.022e+09	9874.5625	19447.127	4345.9362	1763479.6	0	0	2.074e+09	10127.269	17934.121	4382.4346	1349713.1	1	9	2.034e+09	9933.3855	19432.119	4366.0357	1754268.2	0	0	2.058e+09	10046.536	17861.943	11/30/2021 9:24	4382.4346	1349713.1	1763479.6	1	ABs	CD15	mc4r	W	H07	1	0	0	1	1	8	334.06074	157520.91	157276.51	3716.2424	148.69697	6627.4112	1.555957	1.555957	2.3057115	2.3057115	2.6948395	1.8565143	2.715253	2.715253
ABs_CD15_08dpf_vast01_plate01_mc4r_211116_1230_W_H08	4.5	211116	1	3	6	1	0	0	1	0	NT849	k5	5412	4687.3993	73	0	.00942483	.99057519	3	1	2	4073.9985	1044240.7	0	0	1.435e+09	7005.1837	16124.689	3873.7438	1393347.8	0	0	1.479e+09	7223.9495	15003.509	4170.6919	1053093.3	0	0	1.424e+09	6954.5249	16040.823	3938.7303	1398641.4	0	0	1.473e+09	7190.3774	14913.977	11/30/2021 9:24	4073.9985	1044240.7	1393347.8	1	ABs	CD15	mc4r	W	H08	1	0	0	1	1	8	25.624668	-22687.166	-42073.752	-593.75758	-169.30303	-4551.5227	.09724075	.09724075	-.07951913	-.27711717	-.1684908	-.56742932	-.14996187	-.35598165
ABs_CD15_08dpf_vast01_plate01_mc4r_211117_1130_W_A08	3.5	211117	1	4	9	.94646492	.05353508	.1580031	.8419969	0	NT861	k5	5713	11870	332	0	.00960006	.9903999	2	3	3	4102.3827	1052614.7	0	0	1.436e+09	7011.2723	16248.378	4041.7762	1438896.5	0	0	1.527e+09	7458.4151	15243.288	4126.9211	1065205.7	1	3	1.447e+09	7067.1395	16279.621	4047.3221	1430851.4	0	0	1.507e+09	7359.7769	15108.873	11/30/2021 9:27	4102.3827	1052614.7	1438896.5	1	ABs	CD15	mc4r	W	A08	1	0	0	1	1	8	54.008873	-25840.745	-12241.428	509.93333	47.533333	2037.1444	.27711717	.27711717	-.02648156	-.31399988	.02648156	-.1684908	.01660095	.44595585
ABs_CD15_08dpf_vast01_plate01_mc4r_211117_1130_W_A09	3.5	211117	1	4	8	.67298561	.32701439	.38305839	.61694161		NT869	k5	4388	12448.235	409	0	.01065357	.98934644	2	4	3	3998.4978	941270.14	0	0	1.264e+09	6172.0521	15250.905	4037.897	1281135.9	0	0	1.349e+09	6585.1521	14348.355	4086.4775	961248.17	0	0	1.279e+09	6245.9411	15253.722	4026.2035	1275333.9	0	0	1.339e+09	6536.3635	14274.429	11/30/2021 9:27	3998.4978	941270.14	1281135.9		ABs	CD15	mc4r	W	A09	1	0	0	1	1	8	-49.876062	-94994.833	-112480.78	-815.06667	124.53333	2615.379	-.40823849	-.40823849	-1.0609065	-1.8565143	-.94419419	-1.3529978	-.95862371	-.55900407
ABs_CD15_08dpf_vast01_plate01_mc4r_211117_1130_W_A10	3.5	211117	1	4	7	.45408626	.54591374	.61895122	.38104878		NT877	k5	3998	14942.771	441	0	.00415776	.99584228	2	4	4	3787.4716	956582.64	0	0	1.293e+09	6311.4081	15516.475	3758.9572	1280896.6	0	0	1.351e+09	6595.3222	14390.822	4017.1794	982811.28	0	0	1.326e+09	6472.2437	15595.334	3764.7885	1274376.8	0	0	1.333e+09	6510.6866	14241.712	11/30/2021 9:27	3787.4716	956582.64	1280896.6		ABs	CD15	mc4r	W	A10	1	0	0	1	1	8	-260.90222	6021.1669	4125.4983	-1205.0667	156.53333	5109.9148	-1.0924215	-1.0924215	-.89042181	.20441633	-.97212993	.07951913	-1.2304115	-.98524588
ABs_CD15_08dpf_vast01_plate01_mc4r_211117_1130_W_A11	3.5	211117	1	4	9	.96255738	.03744262	.07174238	.92825762	0	NT885	k5	6772	9027.963	250	0	.00788684	.99211311	2	2	2																																	1	ABs	CD15	mc4r	W	A11	1	0	0	1	1	8				1568.9333	-34.466667	-804.89278							.88254262	1.1957655
ABs_CD15_08dpf_vast01_plate01_mc4r_211117_1130_W_B08	3.5	211117	1	4	7	0	1	.94632143	.05367857	1	NT862	k5	3971	8572.1373	206	0	.00872598	.99127406	2	2	2	3524.9689	982781.37	0	0	1.316e+09	6423.9804	15610.67	3464.6376	1311043.1	0	0	1.351e+09	6594.4332	14300.901	3549.3704	983887.94	0	0	1.318e+09	6434.2713	15619.494	3448.0241	1309816.9	0	0	1.360e+09	6641.7713	14387.913	11/30/2021 9:27	3524.9689	982781.37	1311043.1	4	ABs	CD15	mc4r	W	B08	1	0	0	1	1	8	-523.40494	138829.44	179620.18	-1232.0667	-78.466667	-1260.7185	-1.8565143	-1.8565143	-.58828945	2.1059204	-.69681993	1.9660246	-1.2666009	-1.0407034
ABs_CD15_08dpf_vast01_plate01_mc4r_211117_1130_W_B09	3.5	211117	1	4	9	.96374898	.03625102	.01081666	.98918334	0	NT870	k5	7089	9067.175	222	0	.00155417	.99844581	2	2	2	4276.9122	1182681.3	0	0	1.648e+09	8047.3555	17262.025	4141.1475	1559811.4	0	0	1.689e+09	8249.0944	15899.886	4331.5296	1190337.5	0	0	1.654e+09	8077.2072	17306.976	4093.49	1566959.2	0	0	1.705e+09	8325.1623	15988.749	11/30/2021 9:27	4276.9122	1182681.3	1559811.4	1	ABs	CD15	mc4r	W	B09	1	0	0	1	1	8	228.53829	33344.608	12036.255	1885.9333	-62.466667	-765.68075	1.1589443	1.1589443	1.0924215	.65249095	.78991491	.20441633	1.0696693	1.3866028
ABs_CD15_08dpf_vast01_plate01_mc4r_211117_1130_W_B10	3.5	211117	1	4	8	.01212833	.98787167	.93358392	.06641608	1	NT878	k5	5170	7011.1786	218	0	.00655866	.99344134	2	2	2	4163.0157	1035687.3	0	0	1.450e+09	7082.1494	16499.178	3929.1361	1373908.1	0	0	1.465e+09	7154.2329	14905.007	4096.9151	1039186.4	0	0	1.433e+09	6996.0732	16334.133	3922.7752	1378364.3	0	0	1.486e+09	7254.6292	15033.871	11/30/2021 9:27	4163.0157	1035687.3	1373908.1	4	ABs	CD15	mc4r	W	B10	1	0	0	1	1	8	114.64181	-67392.931	-110802.39	-33.066667	-66.466667	-2821.6772	.58828945	.58828945	-.25881932	-1.1589443	-.37015419	-1.3101626	-.25163332	-.04982116
ABs_CD15_08dpf_vast01_plate01_mc4r_211117_1130_W_B11	3.5	211117	1	4	7	.01371153	.98628847	1	0	1	NT886	k5	4607	16511.116	485	0	.0011748	.99882513	2	4	4	3965.1492	1018879.4	1	1	1.400e+09	6837.9358	16125.395	3961.9273	1392151.5	0	0	1.478e+09	7218.222	14919.82	3983.3904	1027911.4	0	0	1.405e+09	6859.5461	16118.479	3973.2642	1395979.6	0	0	1.478e+09	7216.3431	14879.671	11/30/2021 9:27	3965.1492	1018879.4	1392151.5	4	ABs	CD15	mc4r	W	B11	1	0	0	1	1	8	-83.224624	-3841.8163	16999.996	-596.06667	200.53333	6678.2602	-.65249095	-.65249095	-.37015419	.00882627	-.20441633	.29550827	-.78839862	-.39158586
ABs_CD15_08dpf_vast01_plate01_mc4r_211117_1130_W_C07	3.5	211117	1	4	9	0	1	.92294979	.07705021	1	NT855	k5	4495	10861.743	380	0	.00969835	.99030167	2	3	3	3758.1813	854270.02	0	0	1.138e+09	5556.4301	14585.734	3674.239	1186300	0	0	1.201e+09	5865.1594	13603.88	3806.8157	862015.99	0	0	1.135e+09	5541.0641	14550.286	3668.7773	1188692.6	0	0	1.214e+09	5929.2842	13690.11	11/30/2021 9:27	3758.1813	854270.02	1186300	4	ABs	CD15	mc4r	W	C07	1	0	0	1	1	8	-290.19252	-84395.864	-74252.973	-708.06667	95.533333	1028.887	-1.2310348	-1.2310348	-1.7655892	-1.555957	-1.499273	-.91697655	-.88254262	-.52059489
ABs_CD15_08dpf_vast01_plate01_mc4r_211117_1130_W_C08	3.5	211117	1	4	8	0	1	.91419251	.08580749	1	NT863	k5	4761	9518.9319	248	0	.00186823	.99813181	2	3	3	3778.0158	960620.12	0	0	1.320e+09	6446.8271	15699.215	3720.0526	1329585.6	0	0	1.416e+09	6914.6039	14683.599	3778.0158	962683.72	0	0	1.315e+09	6421.9098	15627.524	3757.5128	1321181.6	0	0	1.390e+09	6788.557	14507.549	11/30/2021 9:27	3778.0158	960620.12	1329585.6	4	ABs	CD15	mc4r	W	C08	1	0	0	1	1	8	-270.35807	13898.92	58050.181	-442.06667	-36.466667	-313.92383	-1.1250605	-1.1250605	-.81426535	.3325995	-.58828945	.89042181	-.5785188	-.30339428
ABs_CD15_08dpf_vast01_plate01_mc4r_211117_1130_W_C09	3.5	211117	1	4	7	0	1	.91101747	.08898253	1	NT871	k5	5079	9458.1156	304	0	.09202946	.90797055	2	3	2	3943.5186	1036315.3	0	0	1.391e+09	6789.9888	15898.183	3840.4684	1413624.9	0	0	1.493e+09	7292.2828	15040.641	4020.2752	1063172	0	0	1.425e+09	6960.3781	16020.666	3845.9351	1398132.9	0	0	1.470e+09	7178.4467	14916.487	11/30/2021 9:27	3943.5186	1036315.3	1413624.9	4	ABs	CD15	mc4r	W	C09	1	0	0	1	1	8	-104.85524	22378.881	50450.292	-124.06667	19.533333	-374.74014	-.83910846	-.83910846	-.20441633	.46651758	-.06182245	.69681993	-.35598165	-.09976638
ABs_CD15_08dpf_vast01_plate01_mc4r_211117_1130_W_C10	3.5	211117	1	4	9	0	1	.92914721	.07085279	1	NT879	k5	4999	13251.069	355	0	.00455236	.99544758	2	4	3	3960.4663	1007694.1	0	0	1.356e+09	6618.7006	15707.929	3803.4399	1344838.3	0	0	1.406e+09	6863.081	14587.417	3952.8207	1013197	0	0	1.350e+09	6593.0698	15614.507	3831.4087	1348875.7	0	0	1.404e+09	6856.8354	14538.002	11/30/2021 9:27	3960.4663	1007694.1	1344838.3	4	ABs	CD15	mc4r	W	C10	1	0	0	1	1	8	-87.907524	-13125.265	-27720.307	-204.06667	70.533333	3418.213	-.6856121	-.6856121	-.44692449	-.15061213	-.50625727	-.40823849	-.409573	-.16677172
ABs_CD15_08dpf_vast01_plate01_mc4r_211117_1130_W_C11	3.5	211117	1	4	8	0	1	.95229094	.04770906	1	NT887	k5	5818	9082.3542	269	0	.00267576	.99732423	2	2	2																																	4	ABs	CD15	mc4r	W	C11	1	0	0	1	1	8				614.93333	-15.466667	-750.50151							.06644962	.48293897
ABs_CD15_08dpf_vast01_plate01_mc4r_211117_1130_W_D07	3.5	211117	1	4	7	0	1	.92505217	.07494783	1	NT856	k5	4233	8172.8117	280	0	.04647212	.95352787	2	2	2	4025.7281	1018520.5	0	0	1.375e+09	6713.6171	15862.805	3960.1152	1424600.8	0	0	1.491e+09	7282.0542	14896.659	4129.9528	1041967.8	1	5	1.411e+09	6887.865	15991.165	3960.3417	1421669.9	0	0	1.478e+09	7216.82	14775.203	11/30/2021 9:27	4025.7281	1018520.5	1424600.8	4	ABs	CD15	mc4r	W	D07	1	0	0	1	1	8	-22.645748	-28803.443	15906.711	-970.06667	-4.4666667	-1660.044	-.29550827	-.29550827	-.38912579	-.42750151	-.04414511	.27711717	-1.0407034	-.72215583
ABs_CD15_08dpf_vast01_plate01_mc4r_211117_1130_W_D08	3.5	211117	1	4	9	.04464187	.95535813	.91547724	.08452276	1	NT864	k5	3847	7727.5339	228	0	.03217937	.9678207	2	2	2	3647.2135	880977.17	0	0	1.193e+09	5825.7962	14989.228	3610.4355	1188872.1	0	0	1.243e+09	6069.4009	13963.461	3864.4217	909448.85	0	0	1.228e+09	5996.9077	15109.108	3632.584	1185432.7	0	0	1.238e+09	6043.5025	13927.214	11/30/2021 9:27	3647.2135	880977.17	1188872.1	4	ABs	CD15	mc4r	W	D08	1	0	0	1	1	8	-401.16038	-12621.622	-10237.857	-1356.0667	-56.466667	-2105.3218	-1.499273	-1.499273	-1.499273	-.13278149	-1.4470343	-.13278149	-1.3444344	-1.1304702
ABs_CD15_08dpf_vast01_plate01_mc4r_211117_1130_W_D09	3.5	211117	1	4	8	0	1	.96599385	.03400615	1	NT872	k5	5710	9374.9618	278	0	.05942565	.94057435	2	3	2	4051.7865	1061407.5	0	0	1.459e+09	7124.8457	16324.968	4043.5369	1440272.2	0	0	1.493e+09	7288.4952	14893.805	4032.0267	1052315.7	0	0	1.416e+09	6912.5009	16058.008	4032.2641	1434888.9	0	0	1.487e+09	7258.4829	14877.875	11/30/2021 9:27	4051.7865	1061407.5	1440272.2	4	ABs	CD15	mc4r	W	D09	1	0	0	1	1	8	3.4126468	3500.4924	17149.521	506.93333	-6.4666667	-457.89391	-.04414511	-.04414511	.07951913	.11499296	.04414511	.31399988	0	.42769365
ABs_CD15_08dpf_vast01_plate01_mc4r_211117_1130_W_D11	3.5	211117	1	4	9	.00734716	.99265284	1	0	1	NT888	k5	4531	1464.0102	9	1	.62132269	.37867737	2	1	1	3971.6719	959064.94	0	0	1.260e+09	6154.5371	15007.56	3820.7116	1261785.9	0	0	1.291e+09	6304.4043	13656.976	4086.3421	1012479.2	0	0	1.300e+09	6348.5251	15053.914	3830.5656	1244649	0	0	1.273e+09	6214.6986	13588.19	11/30/2021 9:27	3971.6719	959064.94	1261785.9	4	ABs	CD15	mc4r	W	D11	1	0	0	1	1	8	-76.701936	-66305.312	-116977.23	-672.06667	-275.46667	-8368.8455	-.54681325	-.54681325	-.83910846	-1.1250605	-1.0609065	-1.4470343	-.83454576	-.501678
ABs_CD15_08dpf_vast01_plate01_mc4r_211117_1130_W_E10	3.5	211117	1	4	8	.96842453	.03157547	0	1	0	NT881	k5	4850	2236.2908	26	1	.80640167	.19359833	2	1	1	4074.9234	977188.72	0	0	1.300e+09	6349.7652	15366.457	3877.1586	1301502.7	0	0	1.356e+09	6623.239	14221.401	3943.5717	973719.48	0	0	1.301e+09	6353.4582	15383.603	3881.0482	1302699	0	0	1.339e+09	6535.7347	14044.62	11/30/2021 9:27	4074.9234	977188.72	1301502.7	1	ABs	CD15	mc4r	W	E10	1	0	0	1	1	8	26.549529	-90114.779	-134430.94	-353.06667	-258.46667	-7596.565	.11499296	.11499296	-.6308035	-1.6872812	-.78991491	-1.7655892	-.501678	-.23453517
ABs_CD15_08dpf_vast01_plate01_mc4r_211117_1130_W_F07	3.5	211117	1	4	9	.94854707	.05145293	0	1	0	NT858	k5	5927	7744.2543	211	0	.00708338	.99291658	2	2	2	4057.6688	1070200.2	0	0	1.435e+09	7006.9792	16148.398	3938.2443	1426574.7	0	0	1.520e+09	7423.3488	15241.348	4107.1041	1083688.4	0	0	1.454e+09	7098.4803	16223.006	3976.5184	1421041.9	0	0	1.497e+09	7311.8536	15083.432	11/30/2021 9:27	4057.6688	1070200.2	1426574.7	1	ABs	CD15	mc4r	W	F07	1	0	0	1	1	8	9.2949193	9904.2651	194.98663	723.93333	-73.466667	-2088.6015	-.00882627	-.00882627	.18642349	.25881932	-.02648156	.00882627	.18362884	.5785188
ABs_CD15_08dpf_vast01_plate01_mc4r_211117_1130_W_F08	3.5	211117	1	4	8	.99213188	.00786812	.03648522	.96351478	0	NT866	k5	4622	13271.347	373	0	.01149865	.98850131	2	4	3	3867.3962	947072.14	0	0	1.275e+09	6223.3734	15304.719	3757.5128	1296568	0	0	1.364e+09	6659.6226	14456.616	4037.2748	971207.28	0	0	1.298e+09	6338.4147	15386.963	3784.944	1293786.6	0	0	1.356e+09	6621.4087	14402.472	11/30/2021 9:27	3867.3962	947072.14	1296568	1	ABs	CD15	mc4r	W	F08	1	0	0	1	1	8	-180.97764	-35948.893	-24457.492	-581.06667	88.533333	3438.4912	-.97212993	-.97212993	-.97212993	-.56742932	-.83910846	-.35131491	-.74387245	-.33835015
ABs_CD15_08dpf_vast01_plate01_mc4r_211117_1130_W_F09	3.5	211117	1	4	7	.0532371	.9467629	.95661259	.04338741	1	NT874	k5	3608	6817.8321	232	0	.04152662	.95847338	2	1	2																																	4	ABs	CD15	mc4r	W	F09	1	0	0	1	1	8				-1595.0667	-52.466667	-3015.0237							-1.5866904	-1.2666009
ABs_CD15_08dpf_vast01_plate01_mc4r_211117_1130_W_F11	3.5	211117	1	4	7	.01051429	.98948571	.95227034	.04772966	1	NT890	k5	5884	15540.788	423	0	.00849822	.99150181	2	4	4	4134.1327	1140332.6	0	0	1.570e+09	7665.7632	16827.207	4069.9406	1523504	0	0	1.658e+09	8094.4882	15690.209	4259.7596	1155884.4	0	0	1.599e+09	7806.4378	16951.836	4075.0445	1513126.2	0	0	1.633e+09	7972.3085	15560.692	11/30/2021 9:27	4134.1327	1140332.6	1523504	4	ABs	CD15	mc4r	W	F11	1	0	0	1	1	8	85.758803	48982.635	54786.126	680.93333	138.53333	5707.9319	.35131491	.35131491	.71950311	.94419419	.54681325	.81426535	.11646406	.53969995
ABs_CD15_08dpf_vast01_plate01_mc4r_211117_1130_W_G07	3.5	211117	1	4	7	1	0	0	1	0	NT859	k5	6006	10715.829	288	0	.0037442	.99625576	2	3	3	4136.1252	1129895	1	1	1.630e+09	7956.6076	17549.772	4140.8875	1525986.3	0	0	1.672e+09	8165.8521	15948.488	4154.2419	1139943.8	1	4	1.635e+09	7981.3817	17538.375	4134.668	1537590.3	0	0	1.697e+09	8287.7478	16067.182	11/30/2021 9:28	4136.1252	1129895	1525986.3	1	ABs	CD15	mc4r	W	G07	1	0	0	1	1	8	87.751351	37735.785	56165.149	802.93333	3.5333333	882.97331	.37015419	.37015419	.6308035	.71950311	.56742932	.83910846	.25163332	.65894082
ABs_CD15_08dpf_vast01_plate01_mc4r_211117_1130_W_G08	3.5	211117	1	4	9	.00506701	.99493299	.94723955	.05276045	1	NT867	k5	6280	8320.0131	249	0	.02201984	.97798014	2	2	2	4360.5695	1191384.3	0	0	1.613e+09	7877.6385	16954.006	4238.9727	1593546.8	0	0	1.686e+09	8233.4383	15674.248	4360.7375	1203107.9	1	6	1.632e+09	7968.7338	17048.817	4249.444	1609367.7	0	0	1.711e+09	8352.4055	15778.476	11/30/2021 9:28	4360.5695	1191384.3	1593546.8	4	ABs	CD15	mc4r	W	G08	1	0	0	1	1	8	312.19561	8072.0861	-549.58871	1076.9333	-35.466667	-1512.8427	1.4470343	1.4470343	1.3101626	.2224756	1.1250605	-.02648156	.501678	.83454576
ABs_CD15_08dpf_vast01_plate01_mc4r_211117_1130_W_G09	3.5	211117	1	4	8	0	1	.92737177	.07262823	1	NT875	k5	4774	10650.696	259	0	.01008031	.98991966	2	3	3	4099.7538	963371.58	0	0	1.319e+09	6440.9949	15598.753	3879.3834	1292680.1	0	0	1.388e+09	6778.7019	14507.812	4142.0213	985473.02	0	0	1.329e+09	6490.949	15537.302	3901.8104	1290197.8	0	0	1.385e+09	6760.4509	14476.428	11/30/2021 9:28	4099.7538	963371.58	1292680.1	4	ABs	CD15	mc4r	W	G09	1	0	0	1	1	8	51.37991	-114016.22	-157002.2	-429.06667	-25.466667	817.84075	.24060773	.24060773	-.78991491	-2.1059204	-.86448058	-1.9660246	-.55900407	-.28605704
ABs_CD15_08dpf_vast01_plate01_mc4r_211117_1130_W_G11	3.5	211117	1	4	7	.94057262	.05942738	0	1	0	NT891	k5	7102	10021.593	260	0	.00453404	.99546587	2	3	3	4007.3737	1137641	1	4	1.659e+09	8101.1035	17776.579	4005.459	1527481.7	0	0	1.684e+09	8220.8389	15919.779	3974.6415	1138777.5	0	0	1.668e+09	8146.0348	17788.755	3950.1073	1527810.7	0	0	1.670e+09	8152.3126	15817.853	11/30/2021 9:28	4007.3737	1137641	1527481.7	1	ABs	CD15	mc4r	W	G11	1	0	0	1	1	8	-41.00013	97771.258	128950.42	1898.9333	-24.466667	188.73771	-.35131491	-.35131491	.67448975	1.555957	.58828945	1.499273	1.0995616	1.4313921
ABs_CD15_08dpf_vast01_plate01_mc4r_211117_1130_W_H07	5	211117	1	4	8	1	0	0	1	0	NT860	k5										4048.072	988015.14	0	0	1.342e+09	6550.7483	15744.486	3960.3417	1374595.9	0	0	1.429e+09	6978.5755	14794.289	4212.2193	1004942.6	0	0	1.350e+09	6591.5657	15723.03	4020.7364	1369332.3	0	0	1.404e+09	6857.0621	14644.058	11/30/2021 9:28	4048.072	988015.14	1374595.9	1	ABs	CD15	mc4r	W	H07	1	0	0	1	1	8	-.30182181	-68383.294	-46470.041				-.07951913	-.07951913	-.56742932	-1.2310348	-.35131491	-.60940878		
ABs_CD15_08dpf_vast01_plate01_mc4r_211117_1130_W_H08	3.5	211117	1	4	7	0	1	.93896636	.06103364	1	NT868	k5	6403	5146.2542	96	0	.06628472	.93371522	2	1	2	3968.9488	1136684	1	9	1.600e+09	7814.018	17198.671	4016.58	1558764.6	0	0	1.684e+09	8224.9067	15948.336	4028.5687	1155495.6	1	10	1.621e+09	7914.8402	17255.137	4005.1006	1541687.6	0	0	1.663e+09	8119.6657	15858.538	11/30/2021 9:28	3968.9488	1136684	1558764.6	4	ABs	CD15	mc4r	W	H08	1	0	0	1	1	8	-79.425013	112419.62	181509.3	1199.9333	-188.46667	-4686.6015	-.58828945	-.58828945	.65249095	1.6872812	.7542415	2.1059204	.61822984	.95862371
ABs_CD15_08dpf_vast01_plate01_mc4r_211117_1130_W_H09	3.5	211117	1	4	9	.00851496	.99148504	.94719871	.05280129	1	NT876	k5	4609	14388.411	476	0	.0063195	.99368048	2	4	4	4130.5031	1038977.1	1	6	1.389e+09	6782.1458	15834.797	4081.7982	1407912.6	0	0	1.504e+09	7345.7307	14957.597	4107.2097	1044121.1	1	7	1.397e+09	6819.4346	15880.657	4020.0669	1414761.4	0	0	1.517e+09	7408.9428	15012.876	11/30/2021 9:28	4130.5031	1038977.1	1407912.6	4	ABs	CD15	mc4r	W	H09	1	0	0	1	1	8	82.129248	-50898.894	-58795.614	-594.06667	191.53333	4555.555	.3325995	.3325995	-.13278149	-.78991491	-.10611267	-.7425627	-.7659457	-.37372453
ABs_CD15_08dpf_vast01_plate01_mc4r_211117_1130_W_H10	3.5	211117	1	4	8	0	1	.92530175	.07469825	1	NT884	k5	6753	11862.184	374	0	.01104861	.98895139	2	3	3	4336.998	1151189	0	0	1.589e+09	7761.1666	16909.662	4235.0199	1581075.4	0	0	1.719e+09	8393.528	16016.77	4369.8084	1169641.7	0	0	1.614e+09	7882.68	17000.755	4201.5698	1565762.9	0	0	1.687e+09	8239.2928	15838.138	11/30/2021 9:28	4336.998	1151189	1581075.4	4	ABs	CD15	mc4r	W	H10	1	0	0	1	1	8	288.62418	-22550.226	30.634235	1549.9333	89.533333	2029.3283	1.269605	1.269605	.86448058	-.25881932	1.0008457	-.00882627	.85829702	1.1624983
ABs_CD15_08dpf_vast01_plate01_mc4r_211117_1130_W_H11	3.5	211117	1	4	7	0	1	.95755852	.04244148	1	NT892	k5	4093	9908.0732	353	0	.01925661	.98074335	2	3	3	3894.0611	928410.03	0	0	1.211e+09	5913.821	14826.128	3605.2504	1210794.1	0	0	1.270e+09	6200.9837	14043.929	3724.283	921142.58	0	0	1.212e+09	5917.326	14868.745	3666.2208	1211452	0	0	1.264e+09	6172.3373	13988.417	11/30/2021 9:28	3894.0611	928410.03	1210794.1	4	ABs	CD15	mc4r	W	H11	1	0	0	1	1	8	-154.3128	-65440.324	-124995.78	-1110.0667	68.533333	75.217502	-.94419419	-.94419419	-1.2310348	-1.0924215	-1.3101626	-1.6181336	-1.1957655	-.90731847
ABs_CD15_08dpf_vast01_plate01_mc4r_211117_1430_W_A08	6.5	211117	1	4	7	.95149885	.04850115	.14453774	.85546226	0	NT901	k5	5918	12270.648	320	0	.00696972	.99303025	4	4	3	4182.0207	1207952.9	1	9	1.674e+09	8173.9329	17378.986	4195.6862	1616665	0	0	1.750e+09	8546.198	15956.101	4190.7899	1214054	1	11	1.686e+09	8234.5178	17433.061	4179.4168	1625009.2	0	0	1.773e+09	8654.8594	16074.639	11/30/2021 9:28	4182.0207	1207952.9	1616665	1	ABs	CD15	mc4r	W	A08	1	0	0	1	1	8	133.64688	97154.213	121431.43	131.62069	-105.17241	-2086.6259	.76602408	.76602408	1.3984705	1.499273	1.3984705	1.3984705	.16677172	.04982116
ABs_CD15_08dpf_vast01_plate01_mc4r_211117_1430_W_A09	6.5	211117	1	4	9			0	1		NT909	k5	3286	3260.4506	26	0	.09688625	.90311372	4	1	1	4003.5209	1400017.1	0	0	1.949e+09	9515.2466	18274.639	4118.0305	1642714.2	0	0	2.040e+09	9959.223	17504.966	3991.6406	1439584.4	0	0	1.974e+09	9637.7275	18249.493	4164.1901	1665533.4	0	0	2.051e+09	10015.814	17478.314	11/30/2021 9:28	4003.5209	1400017.1	1642714.2		ABs	CD15	mc4r	W	A09	1	0	0	1	1	8	-44.852916	361712.08	246316.26	-2500.3793	-399.17241	-11096.823	-.37015419	-.37015419	2.6948395	2.6948395	1.7655892	2.6948395	-1.7937838	-1.8837216
ABs_CD15_08dpf_vast01_plate01_mc4r_211117_1430_W_A10	6.5	211117	1	4	8	0	1	.94420446	.05579554	1	NT917	k5	5772	13837.923	445	0	.00174215	.99825782	4	4	4	4123.0893	967648.32	0	0	1.294e+09	6319.9633	15274.102	3853.0439	1335507.2	0	0	1.391e+09	6791.0708	14499.535	3914.6358	970070.8	0	0	1.284e+09	6268.5375	15242.643	3856.7252	1329226.7	0	0	1.377e+09	6723.5506	14414.349	11/30/2021 9:28	4123.0893	967648.32	1335507.2	4	ABs	CD15	mc4r	W	A10	1	0	0	1	1	8	74.715484	-119216.7	-127096	-14.37931	19.827586	-519.35078	.31399988	.31399988	-.7425627	-2.3057115	-.52642702	-1.6872812	.04151239	-.03320648
ABs_CD15_08dpf_vast01_plate01_mc4r_211117_1430_W_A11	6.5	211117	1	4	7	.00606751	.99393249	.94951048	.05048952	1	NT893	k5	4690	13814.561	516	0	.00014653	.99985349	4	4	4	4090.9905	1005899.7	0	0	1.357e+09	6627.6156	15859.356	3971.4008	1363231.2	0	0	1.408e+09	6873.601	14500.079	4064.7531	1012987.7	0	0	1.359e+09	6633.8312	15825.82	3954.9991	1362184.4	0	0	1.409e+09	6880.3084	14529.793	11/30/2021 9:28	4090.9905	1005899.7	1363231.2	4	ABs	CD15	mc4r	W	A11	1	0	0	1	1	8	42.616684	-67929.153	-81598.837	-1096.3793	90.827586	-542.71245	.18642349	.18642349	-.46651758	-1.1942137	-.46651758	-.94419419	-.67970899	-.88254262
ABs_CD15_08dpf_vast01_plate01_mc4r_211117_1430_W_B08	6.5	211117	1	4	8	.9777458	.0222542	.03131468	.96868532	0	NT902	k5	7188	17509.946	585	0	.0004501	.99954993	4	4	4	4157.991	1035986.3	0	0	1.442e+09	7043.2158	16501.189	3904.9977	1393198.2	0	0	1.506e+09	7353.1267	15332.837	4157.5486	1041908	0	0	1.440e+09	7030.0001	16432.989	3921.7382	1406028.4	0	0	1.526e+09	7450.8796	15437.117	11/30/2021 9:28	4157.991	1035986.3	1393198.2	1	ABs	CD15	mc4r	W	B08	1	0	0	1	1	8	109.61714	-65053.204	-88730.063	1401.6207	159.82759	3152.6727	.56742932	.56742932	-.2224756	-1.0609065	-.18642349	-1.1250605	1.2304115	1.0407034
ABs_CD15_08dpf_vast01_plate01_mc4r_211117_1430_W_B09	6.5	211117	1	4	7	0	1	.90716878	.09283122	1	NT910	k5	4502	10366.74	324	0	.02770006	.97229993	4	3	3	4245.9517	1110963.7	0	0	1.463e+09	7144.47	16037.237	4119.1451	1476848.8	0	0	1.537e+09	7505.5789	14906.029	4365.5733	1121012.6	0	0	1.478e+09	7216.8549	16093.105	4076.3323	1483817.1	0	0	1.560e+09	7617.6456	15044.856	11/30/2021 9:28	4245.9517	1110963.7	1476848.8	4	ABs	CD15	mc4r	W	B09	1	0	0	1	1	8	197.57787	-25799.046	-53783.554	-1284.3793	-101.17241	-3990.5335	1.0609065	1.0609065	.52642702	-.29550827	.3325995	-.67448975	-.85829702	-1.0696693
ABs_CD15_08dpf_vast01_plate01_mc4r_211117_1430_W_B10	6.5	211117	1	4	9	.0163604	.9836396	.95225432	.04774568	1	NT918	k5	5152	14785.377	521	0	.00048363	.99951637	4	4	4	3976.0859	1045257.6	0	0	1.460e+09	7130.9331	16527.173	3966.3521	1427860.7	0	0	1.525e+09	7447.7531	15159.71	3960.2247	1051149.3	0	0	1.461e+09	7133.0871	16492.332	3955.9064	1435845.9	0	0	1.543e+09	7533.8181	15259.39	11/30/2021 9:28	3976.0859	1045257.6	1427860.7	4	ABs	CD15	mc4r	W	B10	1	0	0	1	1	8	-72.287964	18094.681	46653.578	-634.37931	95.827586	428.10333	-.48629142	-.48629142	-.06182245	.40823849	-.00882627	.65249095	-.26880536	-.42769365
ABs_CD15_08dpf_vast01_plate01_mc4r_211117_1430_W_B11	6.5	211117	1	4	8	.94589132	.05410868	0	1	0	NT894	k5	6023	11779.978	348	0	.00143975	.99856025	4	3	3	4077.9754	1050760.5	0	0	1.393e+09	6803.9603	15819.436	3912.0068	1408002.3	0	0	1.487e+09	7262.7984	15029.039	4160.9102	1069751.6	0	0	1.402e+09	6847.3327	15844.054	3842.8039	1410813.6	0	0	1.496e+09	7303.8263	15119.048	11/30/2021 9:28	4077.9754	1050760.5	1408002.3	1	ABs	CD15	mc4r	W	B11	1	0	0	1	1	8	29.60155	-17782.511	-29621.217	236.62069	-77.172414	-2577.2962	.13278149	.13278149	-.04414511	-.2224756	-.07951913	-.42750151	.26880536	.14996187
ABs_CD15_08dpf_vast01_plate01_mc4r_211117_1430_W_C08	6.5	211117	1	4	9	.964	.036	0	1	0	NT903	k5	6234	15986.75	537	0	.00453612	.99546391	4	4	4	4143.4074	1038229.4	0	0	1.405e+09	6860.8435	15932.758	3969.2013	1460908.2	0	0	1.519e+09	7418.8427	15117.987	4289.7385	1070858.2	0	0	1.427e+09	6966.8851	15985.076	3973.7008	1462642.8	0	0	1.502e+09	7333.5622	14954.071	11/30/2021 9:28	4143.4074	1038229.4	1460908.2	1	ABs	CD15	mc4r	W	C08	1	0	0	1	1	8	95.033521	-56887.354	-12945.126	447.62069	111.82759	1629.4766	.48629142	.48629142	-.1684908	-.94419419	.27711717	-.18642349	.46436801	.33835015
ABs_CD15_08dpf_vast01_plate01_mc4r_211117_1430_W_C09	6.5	211117	1	4	8	.95588048	.04411952	0	1	0	NT911	k5	6281	17860.016	513	0	.0014583	.99854171	4	4	4	4425.5705	1175772.7	0	0	1.648e+09	8047.2297	17377.472	4179.5564	1618997.8	0	0	1.700e+09	8302.1886	15689.651	4393.2072	1189440.3	0	0	1.650e+09	8058.5503	17311.819	4207.6905	1629794.3	0	0	1.723e+09	8410.8052	15820.398	11/30/2021 9:28	4425.5705	1175772.7	1618997.8	1	ABs	CD15	mc4r	W	C09	1	0	0	1	1	8	377.19666	-33938.196	-11089.735	494.62069	87.827586	3502.7418	1.6872812	1.6872812	1.0609065	-.52642702	1.4470343	-.15061213	.52059489	.409573
ABs_CD15_08dpf_vast01_plate01_mc4r_211117_1430_W_C10	6.5	211117	1	4	7	0	1	1	0	1	NT919	k5	7899	10810.481	246	0	.00143593	.99856406	4	3	3	4073.2497	1123584.6	0	0	1.620e+09	7909.2795	17536.754	4043.1967	1522457.3	0	0	1.628e+09	7948.4646	15758.818	4074.6628	1133125	0	0	1.614e+09	7879.2908	17411.342	4010.9246	1527691	0	0	1.652e+09	8064.0064	15919.504	11/30/2021 9:28	4073.2497	1123584.6	1522457.3	4	ABs	CD15	mc4r	W	C10	1	0	0	1	1	8	24.875817	56960.835	87450.385	2112.6207	-179.17241	-3546.7925	.07951913	.07951913	.58828945	1.0609065	.52642702	1.0924215	1.5307637	1.5307637
ABs_CD15_08dpf_vast01_plate01_mc4r_211117_1430_W_C11	6.5	211117	1	4	9	0	1	.95220446	.04779554	1	NT895	k5	3905	19677.919	470	0	.00288425	.99711573	4	4	4	3794.4022	947341.31	0	0	1.252e+09	6111.0414	15065.423	3764.2523	1282182.6	0	0	1.349e+09	6586.4421	14308.715	3778.2889	960620.12	0	0	1.267e+09	6184.8706	15096.677	3784.7701	1280567.6	0	0	1.343e+09	6558.5041	14257.189	11/30/2021 9:28	3794.4022	947341.31	1282182.6	4	ABs	CD15	mc4r	W	C11	1	0	0	1	1	8	-253.97161	-6034.8759	1574.0196	-1881.3793	44.827586	5320.6456	-1.0609065	-1.0609065	-.94419419	-.02648156	-.91697655	.04414511	-1.3045299	-1.3866028
ABs_CD15_08dpf_vast01_plate01_mc4r_211117_1430_W_D08	6.5	211117	1	4	7			0	1		NT904	k5	5646	10640.404	387	0	.00341389	.99658608	4	3	3	4462.6675	1145237.4	0	0	1.604e+09	7830.5432	17194.759	4150.9109	1563639.5	0	0	1.659e+09	8101.4558	15793.48	4436.8249	1174995.1	0	0	1.634e+09	7980.7006	17261.529	4150.9109	1553740.2	0	0	1.630e+09	7961.4075	15553.546	11/30/2021 9:28	4462.6675	1145237.4	1563639.5		ABs	CD15	mc4r	W	D08	1	0	0	1	1	8	414.29369	-79539.591	-86988.695	-140.37931	-38.172414	-3716.8696	1.9660246	1.9660246	.7425627	-1.499273	.86448058	-1.0304114	-.04982116	-.11646406
ABs_CD15_08dpf_vast01_plate01_mc4r_211117_1430_W_D09	6.5	211117	1	4	9	.01485952	.98514048	.99138118	.00861882	1	NT912	k5	4825	28561.184	734	0	.00356543	.99643457	4	4	4	3960.4663	956672.36	0	0	1.280e+09	6251.8828	15349.289	3796.321	1323873.3	0	0	1.384e+09	6756.9447	14558.654	4004.4733	976291.5	0	0	1.280e+09	6250.2442	15263.961	3807.1339	1316725.5	0	0	1.365e+09	6662.9122	14425.866	11/30/2021 9:28	3960.4663	956672.36	1323873.3	4	ABs	CD15	mc4r	W	D09	1	0	0	1	1	8	-87.907524	-64146.994	-48685.272	-961.37931	308.82759	14203.911	-.6856121	-.6856121	-.86448058	-1.0304114	-.60940878	-.65249095	-.52059489	-.67970899
ABs_CD15_08dpf_vast01_plate01_mc4r_211117_1430_W_D10	6.5	211117	1	4	8	0	1	.96674886	.03325114	1	NT920	k5	5117	15711.112	419	0	.00161226	.99838781	4	4	4	3697.0732	969622.19	0	0	1.309e+09	6391.0309	15532.693	3560.3075	1333353.9	0	0	1.404e+09	6854.2531	14623.145	3702.6709	994056.4	0	0	1.335e+09	6517.4215	15616.858	3560.3075	1324292	0	0	1.388e+09	6778.8824	14477.598	11/30/2021 9:28	3697.0732	969622.19	1333353.9	4	ABs	CD15	mc4r	W	D10	1	0	0	1	1	8	-351.30066	55773.999	106636.54	-669.37931	-6.1724138	1353.838	-1.4470343	-1.4470343	-.71950311	1.0304114	-.56742932	1.269605	-.33835015	-.48293897
ABs_CD15_08dpf_vast01_plate01_mc4r_211117_1430_W_D11	6.5	211117	1	4	8	.94870081	.05129919	0	1	0	NT896	k5	6467	17614.466	493	0	.00053149	.99946851	4	4	4																																	1	ABs	CD15	mc4r	W	D11	1	0	0	1	1	8				680.62069	67.827586	3257.1926							.65894082	.52059489
ABs_CD15_08dpf_vast01_plate01_mc4r_211117_1430_W_E08	6.5	211117	1	4	8	.05414095	.94585905	.94841724	.05158276	1	NT905	k5	4434	8408.7875	270	0	.00328819	.99671185	4	2	2	3950.1073	990467.53	0	0	1.332e+09	6502.1713	15662.556	3861.6965	1368195.8	0	0	1.400e+09	6835.5402	14448.453	3914.3187	997256.47	0	0	1.333e+09	6509.1639	15660.45	3861.1854	1371037	0	0	1.408e+09	6873.7529	14494.678	11/30/2021 9:28	3950.1073	990467.53	1368195.8	4	ABs	CD15	mc4r	W	E08	1	0	0	1	1	8	-98.266545	-26144.745	1373.045	-1352.3793	-155.17241	-5948.4863	-.78991491	-.78991491	-.54681325	-.3325995	-.40823849	.02648156	-.93266419	-1.0995616
ABs_CD15_08dpf_vast01_plate01_mc4r_211117_1430_W_E09	6.5	211117	1	4	7	0	1	1	0	1	NT913	k5	7507	13091.933	453	0	.00313496	.99686497	4	4	3	4175.0781	1171496	1	7	1.629e+09	7954.3141	17193.918	4150.5183	1585621.3	0	0	1.695e+09	8277.1182	15986.396	4223.1534	1198651.7	1	10	1.652e+09	8068.1079	17240.329	4167.7544	1571923.8	0	0	1.676e+09	8182.0535	15859.443	11/30/2021 9:28	4175.0781	1171496	1585621.3	4	ABs	CD15	mc4r	W	E09	1	0	0	1	1	8	126.70428	63516.885	94231.856	1720.6207	27.827586	-1265.3408	.67448975	.67448975	1.0008457	1.1589443	1.0609065	1.1942137	1.3045299	1.2666009
ABs_CD15_08dpf_vast01_plate01_mc4r_211117_1430_W_E10	6.5	211117	1	4	9	.95106928	.04893072	0	1	0	NT921	k5	6477	15516.612	478	0	.00007499	.99992502	4	4	4																																	1	ABs	CD15	mc4r	W	E10	1	0	0	1	1	8				690.62069	52.827586	1159.338							.67970899	.55900407
ABs_CD15_08dpf_vast01_plate01_mc4r_211117_1430_W_E11	6.5	211117	1	4	9	.04393854	.95606146	.938728	.061272	1	NT897	k5	5823	18245.753	537	0	.0011668	.99883324	4	4	4	4243.9227	1102081.3	0	0	1.659e+09	8098.9457	18017.618	4272.228	1511750.5	0	0	1.633e+09	7973.3071	15532.719	4305.0318	1118799.4	0	0	1.659e+09	8098.5609	17863.605	4256.3882	1520154.4	0	0	1.659e+09	8098.6207	15740.922	11/30/2021 9:28	4243.9227	1102081.3	1511750.5	4	ABs	CD15	mc4r	W	E11	1	0	0	1	1	8	195.5488	-33857.431	-17758.32	36.62069	111.82759	3888.4792	1.0304114	1.0304114	.40823849	-.50625727	.48629142	-.25881932	.08309647	-.01660095
ABs_CD15_08dpf_vast01_plate01_mc4r_211117_1430_W_F08	6.5	211117	1	4	9	.96361417	.03638583	0	1	0	NT906	k5	6265	15021.33	499	0	.00141614	.99858391	4	4	4	4328.1175	1111681.5	0	0	1.514e+09	7393.7399	16593.069	4163.4575	1529694.8	0	0	1.600e+09	7810.6786	15358.552	4364.6415	1131539.9	0	0	1.523e+09	7438.147	16615.386	4152.5245	1523773.2	0	0	1.604e+09	7831.9714	15430.21	11/30/2021 9:28	4328.1175	1111681.5	1529694.8	1	ABs	CD15	mc4r	W	F08	1	0	0	1	1	8	279.7436	-58451.024	-46432.786	478.62069	73.827586	664.05619	1.2310348	1.2310348	.55709168	-.97212993	.65249095	-.58828945	.48293897	.37372453
ABs_CD15_08dpf_vast01_plate01_mc4r_211117_1430_W_F09	6.5	211117	1	4	8	0	1	.99239355	.00760645	1	NT914	k5	6104	17216.231	589	0	.00076912	.99923086	4	4	4	4172.9465	1184864.5	1	6	1.592e+09	7773.9788	16774.379	4191.293	1580148.3	0	0	1.661e+09	8111.6982	15604.202	4154.0223	1200266.7	1	9	1.610e+09	7863.2213	16866.855	4153.2159	1562891.8	0	0	1.636e+09	7986.6125	15490.458	11/30/2021 9:28	4172.9465	1184864.5	1580148.3	4	ABs	CD15	mc4r	W	F09	1	0	0	1	1	8	124.57266	77751.124	89939.114	317.62069	163.82759	2858.9572	.65249095	.65249095	1.1250605	1.3101626	.97212993	1.1250605	.33835015	.20053831
ABs_CD15_08dpf_vast01_plate01_mc4r_211117_1430_W_F10	6.5	211117	1	4	7	1	0	0	1	0	NT922	k5	8799	14054.451	420	0	.00127675	.99872321	4	4	4	4497.5606	1300934.4	0	0	1.829e+09	8932.1669	18045.335	4381.2368	1754387.8	0	0	1.911e+09	9333.0959	16749.987	4574.2588	1332067.9	1	4	1.854e+09	9051.7729	18039.363	4386.5137	1741168.8	0	0	1.891e+09	9233.6421	16638.945	11/30/2021 9:28	4497.5606	1300934.4	1754387.8	1	ABs	CD15	mc4r	W	F10	1	0	0	1	1	8	449.18679	61986.387	84439.227	3012.6207	-5.1724138	-302.82309	2.1059204	2.1059204	2.1059204	1.0924215	2.3057115	1.0304114	1.9921225	1.9921225
ABs_CD15_08dpf_vast01_plate01_mc4r_211117_1430_W_F11	6.5	211117	1	4	9	1	0	.01275634	.98724366	0	NT898	k5	6855	2427.8966	0	1	.93400788	.06599212	4	1	1	4094.6661	1100795.3	0	0	1.496e+09	7306.5431	16287.433	3858.5083	1489768.7	0	0	1.616e+09	7891.0447	15254.323	4141.0717	1129865.1	0	0	1.509e+09	7369.1551	16244.582	3912.1788	1487406	0	0	1.610e+09	7859.7861	15153.914	11/30/2021 9:28	4094.6661	1100795.3	1489768.7	1	ABs	CD15	mc4r	W	F11	1	0	0	1	1	8	46.29222	25473.741	42903.489	1068.6207	-425.17241	-11929.377	.20441633	.20441633	.38912579	.52642702	.38912579	.58828945	.95862371	.81125623
ABs_CD15_08dpf_vast01_plate01_mc4r_211117_1430_W_G08	5	211117	1	4	7	0	1	0	1		NT907	k5																																											ABs	CD15	mc4r	W	G08	1	0	0	1	1	8														
ABs_CD15_08dpf_vast01_plate01_mc4r_211117_1430_W_G09	6.5	211117	1	4	9	1	0	.03805347	.96194653	0	NT915	k5	4907	17652.651	480	0	.00459932	.99540073	4	4	4	3894.399	948986.21	0	0	1.254e+09	6120.7035	15220.743	3878.5931	1316336.7	0	0	1.338e+09	6532.1749	14194.692	4080.5121	982302.86	0	0	1.297e+09	6331.1831	15385.183	3889.8193	1317951.7	0	0	1.331e+09	6497.3091	14093.284	11/30/2021 9:28	3894.399	948986.21	1316336.7	1	ABs	CD15	mc4r	W	G09	1	0	0	1	1	8	-153.97488	-45001.388	-19640.286	-879.37931	54.827586	3295.3773	-.91697655	-.91697655	-.91697655	-.69681993	-.65249095	-.27711717	-.46436801	-.63845305
ABs_CD15_08dpf_vast01_plate01_mc4r_211117_1430_W_G10	6.5	211117	1	4	8	.0067376	.9932624	.9822795	.0177205	1	NT969	k5	4201	17403.127	386	0	.00348377	.99651623	4	4	4	3749.0744	1055725.1	0	0	1.313e+09	6409.0801	15004.74	3719.5381	1299319.5	0	0	1.389e+09	6782.7261	14691.533	3747.0157	1082103.3	0	0	1.315e+09	6421.0606	14931.532	3664.3237	1297435.3	0	0	1.384e+09	6757.4153	14615.444	11/30/2021 9:28	3749.0744	1055725.1	1299319.5	4	ABs	CD15	mc4r	W	G10	1	0	0	1	1	8	-299.29943	120757.78	43808.949	-1585.3793	-39.172414	3045.8528	-1.3101626	-1.3101626	.00882627	1.7655892	-.81426535	.60940878	-1.0995616	-1.2304115
ABs_CD15_08dpf_vast01_plate01_mc4r_211117_1430_W_H08	6.5	211117	1	4	8	0	1	.95097251	.04902749	1	NT908	k5	6117	13821.258	454	0	.00066124	.99933869	4	4	4	4185.5377	1096727.9	0	0	1.520e+09	7419.992	16671.825	4044.735	1528797.6	0	0	1.611e+09	7865.9481	15592.226	4157.0163	1118141.5	0	0	1.531e+09	7476.2626	16695.878	4075.9948	1527481.7	0	0	1.599e+09	7806.0493	15464.766	11/30/2021 9:28	4185.5377	1096727.9	1528797.6	4	ABs	CD15	mc4r	W	H08	1	0	0	1	1	8	137.16389	-15499.113	31616.625	330.62069	28.827586	-536.01623	.78991491	.78991491	.37015419	-.20441633	.6308035	.44692449	.37372453	.25163332
ABs_CD15_08dpf_vast01_plate01_mc4r_211117_1430_W_H09	6.5	211117	1	4	7	0	1	1	0	1	NT916	k5	6107	15291.322	419	0	.00573768	.99426234	4	4	4	4143.0501	1171017.5	1	10	1.568e+09	7654.5409	16624.527	4185.0232	1625009.2	0	0	1.671e+09	8157.8235	15471.411	4182.7108	1179212	1	8	1.578e+09	7704.6183	16654.502	4168.9239	1608649.9	0	0	1.639e+09	8002.9222	15278.696	11/30/2021 9:28	4143.0501	1171017.5	1625009.2	4	ABs	CD15	mc4r	W	H09	1	0	0	1	1	8	94.676213	76045.845	151353.67	320.62069	-6.1724138	934.04816	.46651758	.46651758	.97212993	1.269605	1.499273	1.6872812	.35598165	.21750531
ABs_CD15_08dpf_vast01_plate01_mc4r_211117_1430_W_H10	6.5	211117	1	4	9	.04512104	.95487896	.9326369	.0673631	1	NT970	k5	5304	13721.631	461	0	.00963974	.99036026	4	4	4	3932.6739	1013376.5	0	0	1.549e+09	7562.218	17749	3982.6057	1385751.3	0	0	1.534e+09	7490.3411	15393.543	3976.5184	1019746.7	0	0	1.555e+09	7592.6188	17726.233	3987.9338	1394065.6	0	0	1.547e+09	7554.177	15507.401	11/30/2021 9:28	3932.6739	1013376.5	1385751.3	4	ABs	CD15	mc4r	W	H10	1	0	0	1	1	8	-115.69995	3844.3726	28581.492	-482.37931	35.827586	-635.6424	-.86448058	-.86448058	-.40823849	.15061213	-.25881932	.40823849	-.21750531	-.32082321
ABs_CD15_08dpf_vast01_plate02_mc4r_211117_1530_W_A05	7.5	211117	2	4	8	.96477643	.03522357	.22434655	.77565345	0	NT963	k5	4254	8783.2437	293	0	.02686459	.97313541	5	2	2	3769.1155	909658.2	0	0	1.297e+09	6335.0753	15942.61	3790.7314	1199429.3	0	0	1.287e+09	6283.3619	14075.649	3828.6875	929815.67	0	0	1.304e+09	6367.594	15863.822	3795.9783	1207354.7	0	0	1.302e+09	6357.5584	14159.484	11/30/2021 9:28	3769.1155	909658.2	1199429.3	1	ABs	CD15	mc4r	W	A05	1	0	0	1	1	8	-279.25835	-33448.344	-67177.965	-1475.0833	133.22222	1969.6992	-1.1942137	-1.1942137	-1.3984705	-.48629142	-1.3984705	-.78991491	-1.0125853	-1.1957655
ABs_CD15_08dpf_vast01_plate02_mc4r_211117_1530_W_A08	7.5	211117	2	4	7	0	1	.93048291	.06951709	1	NT923	k5	3508	4037.4116	90	0	.22442758	.77557236	5	1	2	3954.8743	944141.24	0	0	1.214e+09	5927.5833	14738.041	3758.623	1207384.6	0	0	1.240e+09	6052.5358	13642.302	3965.6923	955416.26	0	0	1.229e+09	6001.227	14842.323	3768.6394	1209209	0	0	1.238e+09	6046.8855	13659.442	11/30/2021 9:28	3954.8743	944141.24	1207384.6	4	ABs	CD15	mc4r	W	A08	1	0	0	1	1	8	-93.499538	-74407.052	-162077.61	-2221.0833	-69.777778	-2776.1329	-.76602408	-.76602408	-1.0008457	-1.4470343	-1.3529978	-2.1059204	-1.6480727	-1.5866904
ABs_CD15_08dpf_vast01_plate02_mc4r_211117_1530_W_A09	7.5	211117	2	4	9	0	1	.96327445	.03672555	1	NT931	k5	3763	3218.3248	69	1	.76373112	.23626891	5	1	1	3518.4426	866950.68	0	0	1.130e+09	5519.2347	14572.555	3392.0536	1147749.6	0	0	1.152e+09	5622.567	13567.071	3669.6454	901762.7	0	0	1.156e+09	5644.5881	14595.594	3424.6996	1147600.1	0	0	1.152e+09	5624.9676	13528.018	11/30/2021 9:28	3518.4426	866950.68	1147749.6	4	ABs	CD15	mc4r	W	A09	1	0	0	1	1	8	-529.93124	25649.258	19940.347	-1966.0833	-90.777778	-3595.2198	-1.9660246	-1.9660246	-1.6181336	.54681325	-1.6872812	.3325995	-1.4313921	-1.4792525
ABs_CD15_08dpf_vast01_plate02_mc4r_211117_1530_W_A10	7.5	211117	2	4	8	0	1	.94565785	.05434215	1	NT939	k5	4741	3058.8935	59	0	.30582795	.69417202	5	1	1	4049.2281	963969.73	0	0	1.217e+09	5944.3065	14596.544	3928.5766	1316366.6	0	0	1.297e+09	6332.0883	13601.825	4190.8256	999619.14	0	0	1.244e+09	6075.7983	14586.407	3943.822	1323574.2	0	0	1.298e+09	6336.1536	13506.173	11/30/2021 9:28	4049.2281	963969.73	1316366.6	4	ABs	CD15	mc4r	W	A10	1	0	0	1	1	8	.85423784	-92898.212	-105339.52	-988.08333	-100.77778	-3754.6511	-.06182245	-.06182245	-.76602408	-1.7655892	-.6308035	-1.269605	-.61822984	-.74387245
ABs_CD15_08dpf_vast01_plate02_mc4r_211117_1530_W_A11	7.5	211117	2	4	7	0	1	.96941096	.03058904	1	NT947	k5	5533	6320.9763	165	0	.01832505	.98167497	5	1	2	4222.0486	1111681.5	0	0	1.431e+09	6988.5203	15811.295	4021.3314	1502180.2	0	0	1.496e+09	7305.8098	14759.616	4329.7755	1111322.6	0	0	1.433e+09	6995.5901	15850.658	4059.5957	1502718.5	0	0	1.484e+09	7248.1285	14604.318	11/30/2021 9:28	4222.0486	1111681.5	1502180.2	4	ABs	CD15	mc4r	W	A11	1	0	0	1	1	8	173.67469	-15373.538	-15216.903	-196.08333	5.2222222	-492.56822	.83910846	.83910846	.55709168	-.18642349	.42750151	-.20441633	-.13319428	-.14996187
ABs_CD15_08dpf_vast01_plate02_mc4r_211117_1530_W_A12	7.5	211117	2	4	9	0	1	.95712225	.04287775	1	NT955	k5	6782	6385.1439	89	0	.01746677	.98253322	5	1	2	4042.161	1056383.1	0	0	1.541e+09	7522.2871	17333.372	4036.7711	1455913.7	0	0	1.600e+09	7812.0508	15980.604	4078.4594	1072054.4	0	0	1.548e+09	7556.4058	17279.467	4064.1092	1448825.7	0	0	1.592e+09	7771.6019	15928.938	11/30/2021 9:28	4042.161	1056383.1	1455913.7	4	ABs	CD15	mc4r	W	A12	1	0	0	1	1	8	-6.2128574	2385.2591	38120.658	1052.9167	-70.777778	-428.40068	-.11499296	-.11499296	.02648156	.07951913	.25881932	.52642702	.90731847	.78839862
ABs_CD15_08dpf_vast01_plate02_mc4r_211117_1530_W_B05	7.5	211117	2	4	7	0	1	1	0	1	NT964	k5	5070	9977.4072	266	0	.29178455	.70821548	5	3	3	4148.5578	1070020.8	0	0	1.489e+09	7271.0685	16636.74	3938.0468	1378902.6	0	0	1.555e+09	7592.6424	15906.7	4180.5437	1119008.8	0	0	1.525e+09	7444.5532	16685.84	3943.5148	1382312	0	0	1.545e+09	7543.8289	15763.287	11/30/2021 9:28	4148.5578	1070020.8	1378902.6	4	ABs	CD15	mc4r	W	B05	1	0	0	1	1	8	100.18399	-27187.719	-97802.565	-659.08333	106.22222	3163.8626	.50625727	.50625727	.1684908	-.35131491	-.29550827	-1.1589443	-.37372453	-.44595585
ABs_CD15_08dpf_vast01_plate02_mc4r_211117_1530_W_B08	7.5	211117	2	4	8	0	1	.95360131	.04639869	1	NT924	k5	7055	6190.7161	82	0	.06469829	.93530172	5	1	2	4249.7255	1186838.4	0	0	1.601e+09	7819.819	16920.999	4135.1887	1590585.9	0	0	1.640e+09	8009.0121	15429.422	4288.0894	1193029.2	0	0	1.600e+09	7814.5397	16878.046	4103.8405	1596298.2	0	0	1.659e+09	8102.1232	15556.489	11/30/2021 9:28	4249.7255	1186838.4	1590585.9	4	ABs	CD15	mc4r	W	B08	1	0	0	1	1	8	201.35162	48542.965	57864.098	1325.9167	-77.777778	-622.82842	1.0924215	1.0924215	1.1942137	.91697655	1.0924215	.86448058	1.0407034	1.0125853
ABs_CD15_08dpf_vast01_plate02_mc4r_211117_1530_W_B11	7.5	211117	2	4	8	.22694897	.77305103	1	0	1	NT948	k5	5772	8211.4321	211	0	.0096597	.99034029	5	2	2	4053.5392	1104025.3	1	6	1.555e+09	7590.3464	17212.649	4059.4373	1519436.6	0	0	1.577e+09	7701.6114	15346.919	4025.3158	1115928.3	1	9	1.566e+09	7646.0243	17208.543	4032.2641	1502778.3	0	0	1.561e+09	7620.6464	15255.331	11/30/2021 9:28	4053.5392	1104025.3	1519436.6	4	ABs	CD15	mc4r	W	B11	1	0	0	1	1	8	5.1653132	45406.484	95343.495	42.916667	51.222222	1397.8875	-.02648156	-.02648156	.43719239	.86448058	.50625727	1.2310348	.04151239	0
ABs_CD15_08dpf_vast01_plate02_mc4r_211117_1530_W_B12	7.5	211117	2	4	7	.01681076	.98318924	.95323294	.04676706	1	NT956	k5	5383	5380.7804	159	0	.02371465	.97628534	5	1	2	4137.0109	1110395.5	0	0	1.533e+09	7486.6157	16730.141	4053.9708	1506546.6	0	0	1.629e+09	7953.4612	15642.669	4192.0635	1125977.2	1	3	1.562e+09	7624.7079	16840.586	4070.3705	1507324.2	0	0	1.617e+09	7893.0892	15518.622	11/30/2021 9:28	4137.0109	1110395.5	1506546.6	4	ABs	CD15	mc4r	W	B12	1	0	0	1	1	8	88.637021	17876.578	36235.055	-346.08333	-.77777778	-1432.7641	.40823849	.40823849	.50625727	.38912579	.46651758	.48629142	-.20053831	-.21750531
ABs_CD15_08dpf_vast01_plate02_mc4r_211117_1530_W_C05	7.5	211117	2	4	8	0	1	1	0	1	NT965	k5	8826	8099.1934	134	0	.02413291	.97586709	5	2	2	4349.4685	1264896.2	0	0	1.786e+09	8719.1921	17853.987	4223.0224	1641577.8	0	0	1.795e+09	8764.1271	16528.155	4376.4558	1276530.2	0	0	1.776e+09	8673.0331	17790.096	4272.788	1638078.6	0	0	1.776e+09	8670.2515	16406.313	11/30/2021 9:28	4349.4685	1264896.2	1641577.8	4	ABs	CD15	mc4r	W	C05	1	0	0	1	1	8	301.09461	86092.466	53628.055	3096.9167	-25.777778	1285.6489	1.3984705	1.3984705	1.7655892	1.3984705	1.6872812	.76602408	2.1307156	2.1307156
ABs_CD15_08dpf_vast01_plate02_mc4r_211117_1530_W_C08	7.5	211117	2	4	9	1	0	0	1	0	NT925	k5	7930	7546.1996	139	0	.01277786	.98722214	5	2	2	3955.7363	1153461.9	1	11	1.603e+09	7828.0505	17172.436	3960.8854	1612089.2	0	0	1.733e+09	8461.728	16174.072	3971.1598	1160191	1	10	1.611e+09	7866.2445	17210.127	4004.4733	1605330.2	0	0	1.708e+09	8341.121	15969.867	11/30/2021 9:28	3955.7363	1153461.9	1612089.2	1	ABs	CD15	mc4r	W	C08	1	0	0	1	1	8	-92.63755	134563.55	242149.69	2200.9167	-20.777778	732.65503	-.71950311	-.71950311	.89042181	1.9660246	1.3101626	2.3057115	1.5866904	1.6480727
ABs_CD15_08dpf_vast01_plate02_mc4r_211117_1530_W_C09	7.5	211117	2	4	8	0	1	.9603224	.0396776	1	NT933	k5	3816	9847.7156	296	0	.00836946	.99163049	5	3	3	4111.0344	1008740.8	0	0	1.367e+09	6675.0844	15844.459	3807.8212	1368046.3	0	0	1.427e+09	6969.3567	14527.146	4074.3362	1012180.2	0	0	1.369e+09	6684.7466	15835.903	3807.3852	1368883.7	0	0	1.432e+09	6994.4993	14602.533	11/30/2021 9:28	4111.0344	1008740.8	1368046.3	4	ABs	CD15	mc4r	W	C09	1	0	0	1	1	8	62.660518	-73228.316	-87882.078	-1913.0833	136.22222	3034.1711	.29550827	.29550827	-.42750151	-1.3984705	-.42750151	-1.0924215	-1.3866028	-1.4313921
ABs_CD15_08dpf_vast01_plate02_mc4r_211117_1530_W_C11	7.5	211117	2	4	9	.01865611	.98134389	.96684024	.03315976	1	NT949	k5	6807	7203.1867	128	0	.26542398	.73457599	5	2	2	4223.2668	1151129.2	0	0	1.556e+09	7596.5807	16730.327	4102.3827	1595072	0	0	1.643e+09	8020.1696	15586.301	4240.2813	1188931.9	1	6	1.577e+09	7698.1624	16704.777	4178.2538	1574675.3	0	0	1.625e+09	7935.0223	15508.739	11/30/2021 9:29	4223.2668	1151129.2	1595072	4	ABs	CD15	mc4r	W	C11	1	0	0	1	1	8	174.89289	23579.349	77000.423	1077.9167	-31.777778	389.64218	.86448058	.86448058	.83910846	.50625727	1.1589443	1.0008457	.93266419	.85829702
ABs_CD15_08dpf_vast01_plate02_mc4r_211117_1530_W_D05	7.5	211117	2	4	8	0	1	.96106491	.03893509	1	NT966	k5	6600	8038.5316	201	0	.0162445	.98375547	5	2	2	4226.4629	1229605.7	1	10	1.735e+09	8470.6729	17656.741	4223.9147	1660180.1	0	0	1.823e+09	8900.6841	16380.203	4192.4916	1232237.5	1	11	1.730e+09	8446.0993	17629.271	4233.5049	1645166.6	0	0	1.791e+09	8746.8885	16224.07	11/30/2021 9:29	4226.4629	1229605.7	1660180.1	4	ABs	CD15	mc4r	W	D05	1	0	0	1	1	8	178.089	100757.89	140338.77	870.91667	41.222222	1224.9871	.89042181	.89042181	1.6181336	1.6181336	1.9660246	1.6181336	.7659457	.67970899
ABs_CD15_08dpf_vast01_plate02_mc4r_211117_1530_W_D08	7.5	211117	2	4	7	1	0	0	1	0	NT926	k5	6908	7259.3049	107	0	.03818449	.96181554	5	2	2	4220.9009	1104204.7	0	0	1.453e+09	7095.3053	16031.182	4063.296	1527571.4	0	0	1.561e+09	7620.5131	15333.723	4426.8678	1146074.8	0	0	1.476e+09	7208.1901	16033.444	4031.1959	1510434.6	0	0	1.524e+09	7443.3031	15062.027	11/30/2021 9:29	4220.9009	1104204.7	1527571.4	1	ABs	CD15	mc4r	W	D08	1	0	0	1	1	8	172.527	-22384.234	10809.813	1178.9167	-52.777778	445.7604	.81426535	.81426535	.46651758	-.24060773	.60940878	.18642349	.98524588	.93266419
ABs_CD15_08dpf_vast01_plate02_mc4r_211117_1530_W_D09	7.5	211117	2	4	9	1	0	.03451511	.96548489	0	NT934	k5	1407	290.90805	0	0	.20425797	.79574209	5	1	1	4136.2879	1035956.4	0	0	1.314e+09	6414.1278	15010.486	4197.9772	1258705.4	0	0	1.386e+09	6768.157	14339.09	4145.4424	1053153.1	0	0	1.324e+09	6463.2477	14968.723	4094.6661	1267408.4	0	0	1.381e+09	6742.6582	14226.231	11/30/2021 9:29	4136.2879	1035956.4	1258705.4	1	ABs	CD15	mc4r	W	D09	1	0	0	1	1	8	87.914039	-56268.886	-211205.82	-4322.0833	-159.77778	-6522.6365	.38912579	.38912579	-.24060773	-.91697655	-1.0924215	-2.6948395	-2.715253	-2.715253
ABs_CD15_08dpf_vast01_plate02_mc4r_211117_1530_W_D10	7.5	211117	2	4	8	0	1	.94250373	.05749627	1	NT942	k5	6502	9473.4362	245	0	.01019094	.98980904	5	3	3	4163.5293	1167667.8	0	0	1.561e+09	7620.3562	16483.938	4162.2361	1601591.8	0	0	1.684e+09	8220.5476	15662.478	4320.8109	1194973.1	0	0	1.582e+09	7726.5149	16525.812	4167.3167	1591931.8	0	0	1.665e+09	8131.564	15499.097	11/30/2021 9:29	4163.5293	1167667.8	1601591.8	4	ABs	CD15	mc4r	W	D10	1	0	0	1	1	8	115.15544	64379.062	116596.93	772.91667	85.222222	2659.8916	.60940878	.60940878	.91697655	1.1942137	1.1942137	1.3529978	.70077457	.61822984
ABs_CD15_08dpf_vast01_plate02_mc4r_211117_1530_W_D11	7.5	211117	2	4	7	0	1	1	0	1	NT950	k5	4657	10208.083	334	0	.00516229	.9948377	5	3	3	4233.2859	1043164.1	0	0	1.338e+09	6531.4515	15391.541	3963.0028	1378633.4	0	0	1.383e+09	6751.6915	14320.142	4221.2587	1064487.9	0	0	1.351e+09	6597.1986	15381.048	3967.2003	1377108.2	0	0	1.382e+09	6747.8267	14247.987	11/30/2021 9:29	4233.2859	1043164.1	1378633.4	4	ABs	CD15	mc4r	W	D11	1	0	0	1	1	8	184.91201	-88454.776	-144985.78	-1072.0833	174.22222	3394.5381	.94419419	.94419419	-.09724075	-1.6181336	-.31399988	-1.8565143	-.70077457	-.85829702
ABs_CD15_08dpf_vast01_plate02_mc4r_211117_1530_W_D12	7.5	211117	2	4	9	0	1	.95336117	.04663883	1	NT958	k5	6644	6918.2047	175	0	.00905545	.9909445	5	2	2	4320.1117	1168983.8	0	0	1.636e+09	7987.7667	17309.99	4170.4158	1581763.3	0	0	1.724e+09	8416.407	16173.457	4331.0359	1184774.8	0	0	1.657e+09	8092.2133	17372.99	4212.0879	1580925.9	0	0	1.708e+09	8340.1211	16071.816	11/30/2021 9:29	4320.1117	1168983.8	1581763.3	4	ABs	CD15	mc4r	W	D12	1	0	0	1	1	8	271.73789	2102.5607	10068.471	914.91667	15.222222	104.6602	1.1942137	1.1942137	.94419419	.06182245	1.0304114	.13278149	.81125623	.74387245
ABs_CD15_08dpf_vast01_plate02_mc4r_211117_1530_W_E05	7.5	211117	2	4	8	.92886799	.07113201	0	1	0	NT967	k5	8145	7037.4441	76	1	.92966408	.07033599	5	2	2																																	1	ABs	CD15	mc4r	W	E05	1	0	0	1	1	8				2415.9167	-83.777778	223.89952							1.7937838	1.7163789
ABs_CD15_08dpf_vast01_plate02_mc4r_211117_1530_W_E08	7.5	211117	2	4	8	.02603888	.97396112	.95511281	.04488719	1	NT927	k5	6041	8723.6278	207	0	.0522739	.94772607	5	2	2	4038.8413	1037780.8	0	0	1.406e+09	6864.2563	16032.508	3971.4008	1455734.3	0	0	1.535e+09	7495.3714	15239.097	4159.4868	1065205.7	0	0	1.433e+09	6999.2071	16091.118	3967.5923	1445565.8	0	0	1.518e+09	7414.3093	15133.058	11/30/2021 9:29	4038.8413	1037780.8	1455734.3	4	ABs	CD15	mc4r	W	E08	1	0	0	1	1	8	-9.5325919	-14868.801	39779.357	311.91667	47.222222	1910.0832	-.13278149	-.13278149	-.18642349	-.1684908	.24060773	.54681325	.28605704	.18362884
ABs_CD15_08dpf_vast01_plate02_mc4r_211117_1530_W_E10	7.5	211117	2	4	9	0	1	.95370332	.04629668	1	NT943	k5	5949	4445.4935	40	0	.04916767	.95083237	5	1	2	4033.3765	1000247.2	0	0	1.312e+09	6408.0354	15430.802	3840.4684	1372741.7	0	0	1.411e+09	6890.5844	14645.956	4030.9399	1002550	0	0	1.311e+09	6400.9233	15426.912	3857.1788	1377885.7	0	0	1.419e+09	6930.2824	14702.136	11/30/2021 9:29	4033.3765	1000247.2	1372741.7	4	ABs	CD15	mc4r	W	E10	1	0	0	1	1	8	-14.997405	-50182.96	-40187.32	219.91667	-119.77778	-2368.051	-.24060773	-.24060773	-.48629142	-.76602408	-.38912579	-.52642702	.22601204	.13319428
ABs_CD15_08dpf_vast01_plate02_mc4r_211117_1530_W_E11	7.5	211117	2	4	8			0	1		NT951	k5	6378	9398.1845	257	0	.01577001	.98422998	5	3	2	4340.703	1219168.1	0	0	1.777e+09	8677.5541	18242.309	4225.0615	1637061.8	0	0	1.825e+09	8912.2214	16701.741	4386.0227	1234540.4	0	0	1.798e+09	8778.1073	18265.801	4234.522	1628029.8	0	0	1.789e+09	8737.3907	16442.547	11/30/2021 9:29	4340.703	1219168.1	1637061.8		ABs	CD15	mc4r	W	E11	1	0	0	1	1	8	292.32911	43924.226	53965.537	648.91667	97.222222	2584.6399	1.3529978	1.3529978	1.555957	.83910846	1.6181336	.78991491	.5785188	.501678
ABs_CD15_08dpf_vast01_plate02_mc4r_211117_1530_W_E12	7.5	211117	2	4	7	.93639235	.06360765	0	1	0	NT959	k5	6176	8150.8179	241	0	.01172038	.98827958	5	2	2	4337.0498	1216087.6	0	0	1.720e+09	8398.7002	17726.847	4321.9874	1626444.7	0	0	1.781e+09	8696.7663	16375.35	4342.797	1229695.4	0	0	1.726e+09	8426.917	17714.111	4283.4279	1612298.6	0	0	1.752e+09	8556.7479	16202.999	11/30/2021 9:29	4337.0498	1216087.6	1626444.7	1	ABs	CD15	mc4r	W	E12	1	0	0	1	1	8	288.6759	42327.451	45371.26	446.91667	81.222222	1337.2734	1.3101626	1.3101626	1.499273	.81426535	1.555957	.6308035	.39158586	.32082321
ABs_CD15_08dpf_vast01_plate02_mc4r_211117_1530_W_F08	7.5	211117	2	4	9	0	1	.93235092	.06764908	1	NT928	k5	5127	7420.5069	258	0	.04255622	.95744377	5	2	2	3705.0731	911123.66	0	0	1.192e+09	5819.5756	14852.254	3659.5133	1243692	0	0	1.257e+09	6139.0428	13719.65	3905.438	937621.46	0	0	1.218e+09	5949.0093	14903.168	3648.9843	1238787.2	0	0	1.251e+09	6108.9857	13669.804	11/30/2021 9:29	3705.0731	911123.66	1243692	4	ABs	CD15	mc4r	W	F08	1	0	0	1	1	8	-343.30078	-5973.5074	12545.129	-602.08333	98.222222	606.9624	-1.3984705	-1.3984705	-1.3101626	-.00882627	-1.1250605	.2224756	-.32082321	-.409573
ABs_CD15_08dpf_vast01_plate02_mc4r_211117_1530_W_F10	7.5	211117	2	4	7	.04951541	.95048459	.9693778	.0306222	1	NT944	k5	6050	7173.2174	154	0	.00553109	.99446893	5	2	2	4167.1193	1077049	0	0	1.362e+09	6650.1697	15390.942	4038.2525	1449005.1	0	0	1.469e+09	7171.8352	14857.151	4278.4957	1094754	0	0	1.377e+09	6722.8758	15455.945	4091.5607	1439913.3	0	0	1.450e+09	7081.8207	14717.273	11/30/2021 9:29	4167.1193	1077049	1449005.1	4	ABs	CD15	mc4r	W	F10	1	0	0	1	1	8	118.74546	-27697.842	-37977.544	320.91667	-5.7777778	359.67286	.6308035	.6308035	.2224756	-.38912579	.15061213	-.48629142	.30339428	.23453517
ABs_CD15_08dpf_vast01_plate02_mc4r_211117_1530_W_F11	7.5	211117	2	4	9	0	1	.91756317	.08243683	1	NT952	k5	5944	4660.4316	66	0	.05431264	.94568735	5	1	2	4036.5636	1057519.5	0	0	1.483e+09	7242.1793	16646.851	3955.7363	1430372.9	0	0	1.565e+09	7640.7936	15584.597	4059.4373	1065295.4	0	0	1.486e+09	7256.8592	16625.519	3917.4729	1439016.1	0	0	1.591e+09	7769.4852	15722.888	11/30/2021 9:29	4036.5636	1057519.5	1430372.9	4	ABs	CD15	mc4r	W	F11	1	0	0	1	1	8	-11.810242	5794.9847	15679.168	214.91667	-93.777778	-2153.1129	-.18642349	-.18642349	.06182245	.18642349	.00882627	.25881932	.20053831	.11646406
ABs_CD15_08dpf_vast01_plate02_mc4r_211117_1530_W_F12	7.5	211117	2	4	8	0	1	1	0	1	NT960	k5	4725	7002.6891	204	0	.00888789	.99111205	5	2	2	4036.8859	1024502	0	0	1.421e+09	6937.2825	16294.466	3932.8868	1391134.6	0	0	1.479e+09	7224.0429	14949.483	4083.4391	1040203.2	0	0	1.437e+09	7015.6576	16333.476	3922.4702	1394903	0	0	1.499e+09	7317.8351	15083.547	11/30/2021 9:29	4036.8859	1024502	1391134.6	4	ABs	CD15	mc4r	W	F12	1	0	0	1	1	8	-11.48796	-27353.481	-23737.562	-1004.0833	44.222222	189.14461	-.1684908	-.1684908	-.3325995	-.37015419	-.2224756	-.3325995	-.63845305	-.7659457
ABs_CD15_08dpf_vast01_plate02_mc4r_211117_1530_W_G08	7.5	211117	2	4	7	1	0	0	1	0	NT929	k5	5834	8188.3804	172	0	.01654306	.98345691	5	2	2	3972.8163	1042865	0	0	1.414e+09	6904.6704	16215.176	3927.3089	1443382.6	0	0	1.468e+09	7166.9418	14937.684	4065.9448	1069990.8	0	0	1.438e+09	7019.6594	16251.951	3927.4193	1441169.4	0	0	1.465e+09	7154.6613	14866.51	11/30/2021 9:29	3972.8163	1042865	1443382.6	1	ABs	CD15	mc4r	W	G08	1	0	0	1	1	8	-75.55752	17029.959	63985.787	104.91667	12.222222	1374.8359	-.52642702	-.52642702	-.11499296	.37015419	.09724075	.91697655	.09976638	.03320648
ABs_CD15_08dpf_vast01_plate02_mc4r_211117_1530_W_G09	7.5	211117	2	4	9	1	0	0	1	0	NT937	k5	7162	7428.7777	137	0	.0079521	.99204785	5	2	2	4142.1007	1054229.7	0	0	1.409e+09	6878.3075	15968.005	3736.7573	1385990.6	0	0	1.468e+09	7166.7028	15032.864	4140.7683	1075463.9	0	0	1.421e+09	6938.0258	15978.95	3781.3786	1398581.5	0	0	1.480e+09	7228.1655	15122.032	11/30/2021 9:29	4142.1007	1054229.7	1385990.6	1	ABs	CD15	mc4r	W	G09	1	0	0	1	1	8	93.726852	-40356.313	-87139.224	1432.9167	-22.777778	615.23313	.44692449	.44692449	-.00882627	-.60940878	-.24060773	-1.0609065	1.1624983	1.0995616
ABs_CD15_08dpf_vast01_plate02_mc4r_211117_1530_W_G10	7.5	211117	2	4	8	0	1	.96185788	.03814212	1	NT945	k5	5404	11323.039	384	0	.00585309	.99414694	5	3	3	4059.2863	1032756.3	0	0	1.348e+09	6580.4755	15550.248	3988.0726	1442276	0	0	1.454e+09	7098.7642	14612.708	4131.1692	1040980.8	0	0	1.360e+09	6639.6746	15631.566	3988.5338	1437221.7	0	0	1.444e+09	7049.5671	14524.536	11/30/2021 9:29	4059.2863	1032756.3	1442276	4	ABs	CD15	mc4r	W	G10	1	0	0	1	1	8	10.912431	-28196.498	15000.661	-325.08333	224.22222	4509.4948	.00882627	.00882627	-.27711717	-.40823849	.07066802	.24060773	-.16677172	-.20053831
ABs_CD15_08dpf_vast01_plate02_mc4r_211117_1530_W_H08	7.5	211117	2	4	8	.06772066	.93227934	.92055234	.07944766	1	NT930	k5	6215	5835.5184	77	0	.03205694	.96794307	5	1	2	3945.1526	942675.78	0	0	1.463e+09	7141.9374	17423.198	3818.4565	1333473.5	0	0	1.508e+09	7361.0643	15566.531	4016.58	970339.97	0	0	1.521e+09	7427.4166	17743.848	3817.3285	1328867.8	0	0	1.494e+09	7292.8182	15416.237	11/30/2021 9:29	3945.1526	942675.78	1333473.5	4	ABs	CD15	mc4r	W	H08	1	0	0	1	1	8	-103.22125	-71924.254	-30605.819	485.91667	-82.777778	-978.02618	-.81426535	-.81426535	-1.0304114	-1.3529978	-.54681325	-.44692449	.44595585	.39158586
ABs_CD15_08dpf_vast01_plate02_mc4r_211117_1530_W_H09	7.5	211117	2	4	7	0	1	.92209784	.07790216	1	NT938	k5	5888	5550.2708	122	0	.01160834	.98839158	5	1	2	3994.9172	1024890.7	0	0	1.362e+09	6652.6848	15791.233	3812.6013	1395680.5	0	0	1.438e+09	7019.9844	14809.277	4033.1725	1063381.3	0	0	1.400e+09	6833.8083	15856.8	3850.6563	1402080.7	0	0	1.446e+09	7061.2389	14786.96	11/30/2021 9:29	3994.9172	1024890.7	1395680.5	4	ABs	CD15	mc4r	W	H09	1	0	0	1	1	8	-53.456662	-9920.0482	4046.4779	158.91667	-37.777778	-1263.2738	-.46651758	-.46651758	-.31399988	-.07951913	-.15061213	.06182245	.13319428	.08309647
ABs_CD15_08dpf_vast01_plate02_mc4r_211117_1530_W_H10	7.5	211117	2	4	9	1	0	0	1	0	NT946	k5	2610	891.94261	0	1	.99996769	.00003227	5	1	1	3604.3212	838329.47	0	0	1.058e+09	5165.3263	13735.748	3577.8333	1102081.3	0	0	1.079e+09	5266.9117	12617.526	3577.0684	830942.38	0	0	1.048e+09	5117.5811	13702.297	3572.3832	1105460.8	0	0	1.083e+09	5286.1911	12636.667	11/30/2021 9:29	3604.3212	838329.47	1102081.3	1	ABs	CD15	mc4r	W	H10	1	0	0	1	1	8	-444.0527	-37849.581	-73279.077	-3119.0833	-159.77778	-5921.6019	-1.555957	-1.555957	-2.3057115	-.58828945	-2.3057115	-.89042181	-2.3288399	-2.3288399
ABs_CD15_08dpf_vast01_plate02_mc4r_211117_1530_W_H12	7.5	211117	2	4	7	.01977401	.98022599	.95756694	.04243306	1	NT962	k5	6641	5608.1684	115	0	.00997447	.99002552	5	1	2	4265.9755	1076420.9	0	0	1.553e+09	7585.4407	17252.404	4207.8718	1471196.3	0	0	1.619e+09	7907.1167	15714.192	4240.8525	1085572.5	0	0	1.556e+09	7597.1585	17200.019	4196.9405	1475383.3	0	0	1.631e+09	7963.8368	15775.436	11/30/2021 9:29	4265.9755	1076420.9	1471196.3	4	ABs	CD15	mc4r	W	H12	1	0	0	1	1	8	217.60169	-68474.114	-70523.241	911.91667	-44.777778	-1205.3761	1.1250605	1.1250605	.20441633	-1.269605	.29550827	-.81426535	.78839862	.72215583
